2.223062424702014184e+01 0.000000000000000000e+00 0.000000000000000000e+00 1.643528897024652260e-05 3.255903661931770703e-08
2.703336811680613749e+01 0.000000000000000000e+00 0.000000000000000000e+00 1.707593444659120282e-05 3.255903661931770703e-08
3.287370537229559631e+01 0.000000000000000000e+00 0.000000000000000000e+00 1.711205097701943472e-05 3.255903661931770703e-08
3.997579954651146039e+01 0.000000000000000000e+00 0.000000000000000000e+00 1.641030800763163095e-05 3.255903661931770703e-08
4.861224286355134439e+01 0.000000000000000000e+00 0.000000000000000000e+00 1.497056300012537857e-05 3.255903661931770703e-08
5.911451885972652320e+01 0.000000000000000000e+00 0.000000000000000000e+00 1.302199992133995163e-05 3.255903661931770703e-08
7.188572536810676183e+01 0.000000000000000000e+00 0.000000000000000000e+00 1.101523277285935800e-05 3.255903661931770703e-08
8.741604619942908982e+01 0.000000000000000000e+00 0.000000000000000000e+00 9.400970957314283810e-06 3.255903661931770703e-08
1.063015653526535687e+02 0.000000000000000000e+00 0.000000000000000000e+00 8.217114199314034934e-06 3.255903661931770703e-08
1.292671458812591823e+02 0.000000000000000000e+00 0.000000000000000000e+00 6.921803921812200926e-06 3.255903661931770703e-08
1.571942515507803080e+02 0.000000000000000000e+00 0.000000000000000000e+00 5.253398805548653069e-06 3.255903661931770703e-08
1.911547791370583127e+02 0.000000000000000000e+00 0.000000000000000000e+00 3.997867123441652869e-06 3.255903661931770703e-08
2.324521999147883946e+02 0.000000000000000000e+00 0.000000000000000000e+00 3.237082403680900677e-06 3.255903661931770703e-08
2.826715894269234468e+02 0.000000000000000000e+00 0.000000000000000000e+00 2.383411696285033777e-06 3.255903661931770703e-08
3.437404657750449246e+02 0.000000000000000000e+00 0.000000000000000000e+00 1.847178187203287102e-06 3.255903661931770703e-08
4.180027715229267073e+02 0.000000000000000000e+00 0.000000000000000000e+00 1.387210040028178276e-06 3.255903661931770703e-08
5.083088387830212014e+02 0.000000000000000000e+00 0.000000000000000000e+00 1.064462727269129191e-06 3.255903661931770703e-08
6.181247905213276681e+02 0.000000000000000000e+00 0.000000000000000000e+00 8.230794143238365520e-07 3.255903661931770703e-08
7.516655771160627637e+02 0.000000000000000000e+00 0.000000000000000000e+00 6.449801136588918241e-07 3.255903661931770703e-08
9.140567543726903068e+02 0.000000000000000000e+00 0.000000000000000000e+00 5.129967047889000266e-07 3.255903661931770703e-08
