2.223062424702014184e+01 0.000000000000000000e+00 0.000000000000000000e+00 4.502814037821638686e-08 2.200766026279077669e-09
2.703336811680613749e+01 0.000000000000000000e+00 0.000000000000000000e+00 4.056289284308780789e-08 2.200766026279077669e-09
3.287370537229559631e+01 0.000000000000000000e+00 0.000000000000000000e+00 3.561672275922644604e-08 2.200766026279077669e-09
3.997579954651146039e+01 0.000000000000000000e+00 0.000000000000000000e+00 3.047876042326935251e-08 2.200766026279077669e-09
4.861224286355134439e+01 0.000000000000000000e+00 0.000000000000000000e+00 2.545418965811130254e-08 2.200766026279077669e-09
5.911451885972652320e+01 0.000000000000000000e+00 0.000000000000000000e+00 2.081738142916427698e-08 2.200766026279077669e-09
7.188572536810676183e+01 0.000000000000000000e+00 0.000000000000000000e+00 1.675780887776764222e-08 2.200766026279077669e-09
8.741604619942908982e+01 0.000000000000000000e+00 0.000000000000000000e+00 1.334499073483605809e-08 2.200766026279077669e-09
1.063015653526535687e+02 0.000000000000000000e+00 0.000000000000000000e+00 1.053213594707464013e-08 2.200766026279077669e-09
1.292671458812591823e+02 0.000000000000000000e+00 0.000000000000000000e+00 8.209724744117929750e-09 2.200766026279077669e-09
1.571942515507803080e+02 0.000000000000000000e+00 0.000000000000000000e+00 6.285294435302218215e-09 2.200766026279077669e-09
1.911547791370583127e+02 0.000000000000000000e+00 0.000000000000000000e+00 4.729584875804120080e-09 2.200766026279077669e-09
2.324521999147883946e+02 0.000000000000000000e+00 0.000000000000000000e+00 3.540207102485607870e-09 2.200766026279077669e-09
2.826715894269234468e+02 0.000000000000000000e+00 0.000000000000000000e+00 2.664134269385936039e-09 2.200766026279077669e-09
3.437404657750449246e+02 0.000000000000000000e+00 0.000000000000000000e+00 2.006295423690756082e-09 2.200766026279077669e-09
4.180027715229267073e+02 0.000000000000000000e+00 0.000000000000000000e+00 1.512941758265385434e-09 2.200766026279077669e-09
5.083088387830212014e+02 0.000000000000000000e+00 0.000000000000000000e+00 1.151623793614622038e-09 2.200766026279077669e-09
6.181247905213276681e+02 0.000000000000000000e+00 0.000000000000000000e+00 8.827151565077263536e-10 2.200766026279077669e-09
7.516655771160627637e+02 0.000000000000000000e+00 0.000000000000000000e+00 6.820926317555571569e-10 2.200766026279077669e-09
9.140567543726903068e+02 0.000000000000000000e+00 0.000000000000000000e+00 5.301750447346394004e-10 2.200766026279077669e-09
