2.223062424702014184e+01 0.000000000000000000e+00 0.000000000000000000e+00 6.257176958033820014e-08 4.400869559149961831e-10
2.703336811680613749e+01 0.000000000000000000e+00 0.000000000000000000e+00 5.794790241190304214e-08 4.400869559149961831e-10
3.287370537229559631e+01 0.000000000000000000e+00 0.000000000000000000e+00 5.240833025198555978e-08 4.400869559149961831e-10
3.997579954651146039e+01 0.000000000000000000e+00 0.000000000000000000e+00 4.635661692841029380e-08 4.400869559149961831e-10
4.861224286355134439e+01 0.000000000000000000e+00 0.000000000000000000e+00 4.010267751482404928e-08 4.400869559149961831e-10
5.911451885972652320e+01 0.000000000000000000e+00 0.000000000000000000e+00 3.403878964737398070e-08 4.400869559149961831e-10
7.188572536810676183e+01 0.000000000000000000e+00 0.000000000000000000e+00 2.844520862006066966e-08 4.400869559149961831e-10
8.741604619942908982e+01 0.000000000000000000e+00 0.000000000000000000e+00 2.346313227953323939e-08 4.400869559149961831e-10
1.063015653526535687e+02 0.000000000000000000e+00 0.000000000000000000e+00 1.910385676334984478e-08 4.400869559149961831e-10
1.292671458812591823e+02 0.000000000000000000e+00 0.000000000000000000e+00 1.532196167647719942e-08 4.400869559149961831e-10
1.571942515507803080e+02 0.000000000000000000e+00 0.000000000000000000e+00 1.209917683410798006e-08 4.400869559149961831e-10
1.911547791370583127e+02 0.000000000000000000e+00 0.000000000000000000e+00 9.455967944352365781e-09 4.400869559149961831e-10
2.324521999147883946e+02 0.000000000000000000e+00 0.000000000000000000e+00 7.369459029870537887e-09 4.400869559149961831e-10
2.826715894269234468e+02 0.000000000000000000e+00 0.000000000000000000e+00 5.741709943133680030e-09 4.400869559149961831e-10
3.437404657750449246e+02 0.000000000000000000e+00 0.000000000000000000e+00 4.476650413155767874e-09 4.400869559149961831e-10
4.180027715229267073e+02 0.000000000000000000e+00 0.000000000000000000e+00 3.502907803652327048e-09 4.400869559149961831e-10
5.083088387830212014e+02 0.000000000000000000e+00 0.000000000000000000e+00 2.755686727217633807e-09 4.400869559149961831e-10
6.181247905213276681e+02 0.000000000000000000e+00 0.000000000000000000e+00 2.179189546754885320e-09 4.400869559149961831e-10
7.516655771160627637e+02 0.000000000000000000e+00 0.000000000000000000e+00 1.730219865283729532e-09 4.400869559149961831e-10
9.140567543726903068e+02 0.000000000000000000e+00 0.000000000000000000e+00 1.375907752753839318e-09 4.400869559149961831e-10
