2.223062424702014184e+01 0.000000000000000000e+00 0.000000000000000000e+00 5.827391414238893366e-08 4.401221402955002917e-10
2.703336811680613749e+01 0.000000000000000000e+00 0.000000000000000000e+00 5.360392575888335407e-08 4.401221402955002917e-10
3.287370537229559631e+01 0.000000000000000000e+00 0.000000000000000000e+00 4.815079562539016980e-08 4.401221402955002917e-10
3.997579954651146039e+01 0.000000000000000000e+00 0.000000000000000000e+00 4.223925330710918219e-08 4.401221402955002917e-10
4.861224286355134439e+01 0.000000000000000000e+00 0.000000000000000000e+00 3.623608406539486238e-08 4.401221402955002917e-10
5.911451885972652320e+01 0.000000000000000000e+00 0.000000000000000000e+00 3.048801215427794437e-08 4.401221402955002917e-10
7.188572536810676183e+01 0.000000000000000000e+00 0.000000000000000000e+00 2.525225327749935698e-08 4.401221402955002917e-10
8.741604619942908982e+01 0.000000000000000000e+00 0.000000000000000000e+00 2.065043930035158058e-08 4.401221402955002917e-10
1.063015653526535687e+02 0.000000000000000000e+00 0.000000000000000000e+00 1.667643846030533193e-08 4.401221402955002917e-10
1.292671458812591823e+02 0.000000000000000000e+00 0.000000000000000000e+00 1.326671091799162114e-08 4.401221402955002917e-10
1.571942515507803080e+02 0.000000000000000000e+00 0.000000000000000000e+00 1.041018401477647256e-08 4.401221402955002917e-10
1.911547791370583127e+02 0.000000000000000000e+00 0.000000000000000000e+00 8.035277415133738718e-09 4.401221402955002917e-10
2.324521999147883946e+02 0.000000000000000000e+00 0.000000000000000000e+00 6.198155868983392581e-09 4.401221402955002917e-10
2.826715894269234468e+02 0.000000000000000000e+00 0.000000000000000000e+00 4.782142215557901718e-09 4.401221402955002917e-10
3.437404657750449246e+02 0.000000000000000000e+00 0.000000000000000000e+00 3.693199469371671893e-09 4.401221402955002917e-10
4.180027715229267073e+02 0.000000000000000000e+00 0.000000000000000000e+00 2.863900167254835430e-09 4.401221402955002917e-10
5.083088387830212014e+02 0.000000000000000000e+00 0.000000000000000000e+00 2.234239738390567514e-09 4.401221402955002917e-10
6.181247905213276681e+02 0.000000000000000000e+00 0.000000000000000000e+00 1.753512144426087014e-09 4.401221402955002917e-10
7.516655771160627637e+02 0.000000000000000000e+00 0.000000000000000000e+00 1.383314546915602165e-09 4.401221402955002917e-10
9.140567543726903068e+02 0.000000000000000000e+00 0.000000000000000000e+00 1.094245759788951643e-09 4.401221402955002917e-10
