2.223062424702014184e+01 0.000000000000000000e+00 0.000000000000000000e+00 1.732407878836501487e-06 6.510682548750003625e-09
2.703336811680613749e+01 0.000000000000000000e+00 0.000000000000000000e+00 1.889905813373048681e-06 6.510682548750003625e-09
3.287370537229559631e+01 0.000000000000000000e+00 0.000000000000000000e+00 2.015285343380656060e-06 6.510682548750003625e-09
3.997579954651146039e+01 0.000000000000000000e+00 0.000000000000000000e+00 2.089494144803002059e-06 6.510682548750003625e-09
4.861224286355134439e+01 0.000000000000000000e+00 0.000000000000000000e+00 2.092651150274087504e-06 6.510682548750003625e-09
5.911451885972652320e+01 0.000000000000000000e+00 0.000000000000000000e+00 2.009582558816225764e-06 6.510682548750003625e-09
7.188572536810676183e+01 0.000000000000000000e+00 0.000000000000000000e+00 1.839086799295402285e-06 6.510682548750003625e-09
8.741604619942908982e+01 0.000000000000000000e+00 0.000000000000000000e+00 1.604186355349202230e-06 6.510682548750003625e-09
1.063015653526535687e+02 0.000000000000000000e+00 0.000000000000000000e+00 1.352917557702369513e-06 6.510682548750003625e-09
1.292671458812591823e+02 0.000000000000000000e+00 0.000000000000000000e+00 1.137737483899579957e-06 6.510682548750003625e-09
1.571942515507803080e+02 0.000000000000000000e+00 0.000000000000000000e+00 9.747525502580212728e-07 6.510682548750003625e-09
1.911547791370583127e+02 0.000000000000000000e+00 0.000000000000000000e+00 8.202587609382395652e-07 6.510682548750003625e-09
2.324521999147883946e+02 0.000000000000000000e+00 0.000000000000000000e+00 6.397790347935104890e-07 6.510682548750003625e-09
2.826715894269234468e+02 0.000000000000000000e+00 0.000000000000000000e+00 4.841410487431000816e-07 6.510682548750003625e-09
3.437404657750449246e+02 0.000000000000000000e+00 0.000000000000000000e+00 3.734660455571473246e-07 6.510682548750003625e-09
4.180027715229267073e+02 0.000000000000000000e+00 0.000000000000000000e+00 2.784089501520675263e-07 6.510682548750003625e-09
5.083088387830212014e+02 0.000000000000000000e+00 0.000000000000000000e+00 2.070090953377555241e-07 6.510682548750003625e-09
6.181247905213276681e+02 0.000000000000000000e+00 0.000000000000000000e+00 1.520681810806131880e-07 6.510682548750003625e-09
7.516655771160627637e+02 0.000000000000000000e+00 0.000000000000000000e+00 1.116192659485016414e-07 6.510682548750003625e-09
9.140567543726903068e+02 0.000000000000000000e+00 0.000000000000000000e+00 8.214674812342610742e-08 6.510682548750003625e-09
