2.223062424702014184e+01 0.000000000000000000e+00 0.000000000000000000e+00 2.909594299276326526e-06 3.255643355587106219e-08
2.703336811680613749e+01 0.000000000000000000e+00 0.000000000000000000e+00 3.248648495347332593e-06 3.255643355587106219e-08
3.287370537229559631e+01 0.000000000000000000e+00 0.000000000000000000e+00 3.563096667961692524e-06 3.255643355587106219e-08
3.997579954651146039e+01 0.000000000000000000e+00 0.000000000000000000e+00 3.824032261812875676e-06 3.255643355587106219e-08
4.861224286355134439e+01 0.000000000000000000e+00 0.000000000000000000e+00 3.995384493883872395e-06 3.255643355587106219e-08
5.911451885972652320e+01 0.000000000000000000e+00 0.000000000000000000e+00 4.037091819934374679e-06 3.255643355587106219e-08
7.188572536810676183e+01 0.000000000000000000e+00 0.000000000000000000e+00 3.913734158168521369e-06 3.255643355587106219e-08
8.741604619942908982e+01 0.000000000000000000e+00 0.000000000000000000e+00 3.611240509304988324e-06 3.255643355587106219e-08
1.063015653526535687e+02 0.000000000000000000e+00 0.000000000000000000e+00 3.159760037220423802e-06 3.255643355587106219e-08
1.292671458812591823e+02 0.000000000000000000e+00 0.000000000000000000e+00 2.648282947389099610e-06 3.255643355587106219e-08
1.571942515507803080e+02 0.000000000000000000e+00 0.000000000000000000e+00 2.199170167851080853e-06 3.255643355587106219e-08
1.911547791370583127e+02 0.000000000000000000e+00 0.000000000000000000e+00 1.885239711202471708e-06 3.255643355587106219e-08
2.324521999147883946e+02 0.000000000000000000e+00 0.000000000000000000e+00 1.636860348825092993e-06 3.255643355587106219e-08
2.826715894269234468e+02 0.000000000000000000e+00 0.000000000000000000e+00 1.292367806367940743e-06 3.255643355587106219e-08
3.437404657750449246e+02 0.000000000000000000e+00 0.000000000000000000e+00 9.207400806908903085e-07 3.255643355587106219e-08
4.180027715229267073e+02 0.000000000000000000e+00 0.000000000000000000e+00 7.308047457339059927e-07 3.255643355587106219e-08
5.083088387830212014e+02 0.000000000000000000e+00 0.000000000000000000e+00 5.498454128989079947e-07 3.255643355587106219e-08
6.181247905213276681e+02 0.000000000000000000e+00 0.000000000000000000e+00 3.939027424776481728e-07 3.255643355587106219e-08
7.516655771160627637e+02 0.000000000000000000e+00 0.000000000000000000e+00 2.886026065352751724e-07 3.255643355587106219e-08
9.140567543726903068e+02 0.000000000000000000e+00 0.000000000000000000e+00 2.104302624644562062e-07 3.255643355587106219e-08
