2.223062424702014184e+01 0.000000000000000000e+00 0.000000000000000000e+00 1.744585928321293129e-08 2.200990875465877361e-09
2.703336811680613749e+01 0.000000000000000000e+00 0.000000000000000000e+00 1.464785387174753662e-08 2.200990875465877361e-09
3.287370537229559631e+01 0.000000000000000000e+00 0.000000000000000000e+00 1.203150907232139403e-08 2.200990875465877361e-09
3.997579954651146039e+01 0.000000000000000000e+00 0.000000000000000000e+00 9.713927691151166191e-09 2.200990875465877361e-09
4.861224286355134439e+01 0.000000000000000000e+00 0.000000000000000000e+00 7.750907356734223416e-09 2.200990875465877361e-09
5.911451885972652320e+01 0.000000000000000000e+00 0.000000000000000000e+00 6.132314720728941156e-09 2.200990875465877361e-09
7.188572536810676183e+01 0.000000000000000000e+00 0.000000000000000000e+00 4.803700583275156666e-09 2.200990875465877361e-09
8.741604619942908982e+01 0.000000000000000000e+00 0.000000000000000000e+00 3.706832213358155002e-09 2.200990875465877361e-09
1.063015653526535687e+02 0.000000000000000000e+00 0.000000000000000000e+00 2.812935292958215331e-09 2.200990875465877361e-09
1.292671458812591823e+02 0.000000000000000000e+00 0.000000000000000000e+00 2.117479631255590912e-09 2.200990875465877361e-09
1.571942515507803080e+02 0.000000000000000000e+00 0.000000000000000000e+00 1.601266489236584746e-09 2.200990875465877361e-09
1.911547791370583127e+02 0.000000000000000000e+00 0.000000000000000000e+00 1.217262783017995937e-09 2.200990875465877361e-09
2.324521999147883946e+02 0.000000000000000000e+00 0.000000000000000000e+00 9.275580789798402994e-10 2.200990875465877361e-09
2.826715894269234468e+02 0.000000000000000000e+00 0.000000000000000000e+00 7.132027348631699144e-10 2.200990875465877361e-09
3.437404657750449246e+02 0.000000000000000000e+00 0.000000000000000000e+00 5.534898022728992354e-10 2.200990875465877361e-09
4.180027715229267073e+02 0.000000000000000000e+00 0.000000000000000000e+00 4.331177983502712668e-10 2.200990875465877361e-09
5.083088387830212014e+02 0.000000000000000000e+00 0.000000000000000000e+00 3.410905642942336216e-10 2.200990875465877361e-09
6.181247905213276681e+02 0.000000000000000000e+00 0.000000000000000000e+00 2.696383667452784220e-10 2.200990875465877361e-09
7.516655771160627637e+02 0.000000000000000000e+00 0.000000000000000000e+00 2.131053075118026106e-10 2.200990875465877361e-09
9.140567543726903068e+02 0.000000000000000000e+00 0.000000000000000000e+00 1.678645610846127107e-10 2.200990875465877361e-09
