2.223062424702014184e+01 0.000000000000000000e+00 0.000000000000000000e+00 2.277332222807078600e-08 2.200990875465877361e-09
2.703336811680613749e+01 0.000000000000000000e+00 0.000000000000000000e+00 1.954232946663075790e-08 2.200990875465877361e-09
3.287370537229559631e+01 0.000000000000000000e+00 0.000000000000000000e+00 1.643275500635029894e-08 2.200990875465877361e-09
3.997579954651146039e+01 0.000000000000000000e+00 0.000000000000000000e+00 1.359696759583998514e-08 2.200990875465877361e-09
4.861224286355134439e+01 0.000000000000000000e+00 0.000000000000000000e+00 1.111333984028740237e-08 2.200990875465877361e-09
5.911451885972652320e+01 0.000000000000000000e+00 0.000000000000000000e+00 8.985411037594178663e-09 2.200990875465877361e-09
7.188572536810676183e+01 0.000000000000000000e+00 0.000000000000000000e+00 7.169969538412183204e-09 2.200990875465877361e-09
8.741604619942908982e+01 0.000000000000000000e+00 0.000000000000000000e+00 5.631819315204720218e-09 2.200990875465877361e-09
1.063015653526535687e+02 0.000000000000000000e+00 0.000000000000000000e+00 4.367364098376615620e-09 2.200990875465877361e-09
1.292671458812591823e+02 0.000000000000000000e+00 0.000000000000000000e+00 3.378451225814124838e-09 2.200990875465877361e-09
1.571942515507803080e+02 0.000000000000000000e+00 0.000000000000000000e+00 2.624903653725268509e-09 2.200990875465877361e-09
1.911547791370583127e+02 0.000000000000000000e+00 0.000000000000000000e+00 2.043516704278581145e-09 2.200990875465877361e-09
2.324521999147883946e+02 0.000000000000000000e+00 0.000000000000000000e+00 1.597925826887804203e-09 2.200990875465877361e-09
2.826715894269234468e+02 0.000000000000000000e+00 0.000000000000000000e+00 1.260069644283717572e-09 2.200990875465877361e-09
3.437404657750449246e+02 0.000000000000000000e+00 0.000000000000000000e+00 1.000285780164030417e-09 2.200990875465877361e-09
4.180027715229267073e+02 0.000000000000000000e+00 0.000000000000000000e+00 7.985618950445331762e-10 2.200990875465877361e-09
5.083088387830212014e+02 0.000000000000000000e+00 0.000000000000000000e+00 6.396010869508609294e-10 2.200990875465877361e-09
6.181247905213276681e+02 0.000000000000000000e+00 0.000000000000000000e+00 5.117508630229577299e-10 2.200990875465877361e-09
7.516655771160627637e+02 0.000000000000000000e+00 0.000000000000000000e+00 4.075808644562027070e-10 2.200990875465877361e-09
9.140567543726903068e+02 0.000000000000000000e+00 0.000000000000000000e+00 3.219567994723762352e-10 2.200990875465877361e-09
