2.223062424702014184e+01 0.000000000000000000e+00 0.000000000000000000e+00 1.232767515825076117e-05 3.255934313231564608e-08
2.703336811680613749e+01 0.000000000000000000e+00 0.000000000000000000e+00 1.299803772468132106e-05 3.255934313231564608e-08
3.287370537229559631e+01 0.000000000000000000e+00 0.000000000000000000e+00 1.328519691090086305e-05 3.255934313231564608e-08
3.997579954651146039e+01 0.000000000000000000e+00 0.000000000000000000e+00 1.306455386396778031e-05 3.255934313231564608e-08
4.861224286355134439e+01 0.000000000000000000e+00 0.000000000000000000e+00 1.226142550996334596e-05 3.255934313231564608e-08
5.911451885972652320e+01 0.000000000000000000e+00 0.000000000000000000e+00 1.092103579673992390e-05 3.255934313231564608e-08
7.188572536810676183e+01 0.000000000000000000e+00 0.000000000000000000e+00 9.272535017309281398e-06 3.255934313231564608e-08
8.741604619942908982e+01 0.000000000000000000e+00 0.000000000000000000e+00 7.693083632511615527e-06 3.255934313231564608e-08
1.063015653526535687e+02 0.000000000000000000e+00 0.000000000000000000e+00 6.502429892125112912e-06 3.255934313231564608e-08
1.292671458812591823e+02 0.000000000000000000e+00 0.000000000000000000e+00 5.650166162768382964e-06 3.255934313231564608e-08
1.571942515507803080e+02 0.000000000000000000e+00 0.000000000000000000e+00 4.661973820404488628e-06 3.255934313231564608e-08
1.911547791370583127e+02 0.000000000000000000e+00 0.000000000000000000e+00 3.423361980409669026e-06 3.255934313231564608e-08
2.324521999147883946e+02 0.000000000000000000e+00 0.000000000000000000e+00 2.592978400675517658e-06 3.255934313231564608e-08
2.826715894269234468e+02 0.000000000000000000e+00 0.000000000000000000e+00 2.068895785895636611e-06 3.255934313231564608e-08
3.437404657750449246e+02 0.000000000000000000e+00 0.000000000000000000e+00 1.477473509952102916e-06 3.255934313231564608e-08
4.180027715229267073e+02 0.000000000000000000e+00 0.000000000000000000e+00 1.132904296219952969e-06 3.255934313231564608e-08
5.083088387830212014e+02 0.000000000000000000e+00 0.000000000000000000e+00 8.316866825705217804e-07 3.255934313231564608e-08
6.181247905213276681e+02 0.000000000000000000e+00 0.000000000000000000e+00 6.232197928772684547e-07 3.255934313231564608e-08
7.516655771160627637e+02 0.000000000000000000e+00 0.000000000000000000e+00 4.719944157621018613e-07 3.255934313231564608e-08
9.140567543726903068e+02 0.000000000000000000e+00 0.000000000000000000e+00 3.621026111379109283e-07 3.255934313231564608e-08
