2.223062424702014184e+01 0.000000000000000000e+00 0.000000000000000000e+00 1.370545855028266323e-08 4.411234771236686019e-10
2.703336811680613749e+01 0.000000000000000000e+00 0.000000000000000000e+00 1.161462488934326473e-08 4.411234771236686019e-10
3.287370537229559631e+01 0.000000000000000000e+00 0.000000000000000000e+00 9.679151522477002444e-09 4.411234771236686019e-10
3.997579954651146039e+01 0.000000000000000000e+00 0.000000000000000000e+00 7.953406542247679715e-09 4.411234771236686019e-10
4.861224286355134439e+01 0.000000000000000000e+00 0.000000000000000000e+00 6.456719598509594543e-09 4.411234771236686019e-10
5.911451885972652320e+01 0.000000000000000000e+00 0.000000000000000000e+00 5.181852297347588040e-09 4.411234771236686019e-10
7.188572536810676183e+01 0.000000000000000000e+00 0.000000000000000000e+00 4.110656162017713343e-09 4.411234771236686019e-10
8.741604619942908982e+01 0.000000000000000000e+00 0.000000000000000000e+00 3.226658748341739566e-09 4.411234771236686019e-10
1.063015653526535687e+02 0.000000000000000000e+00 0.000000000000000000e+00 2.516588206608404372e-09 4.411234771236686019e-10
1.292671458812591823e+02 0.000000000000000000e+00 0.000000000000000000e+00 1.962056334221853884e-09 4.411234771236686019e-10
1.571942515507803080e+02 0.000000000000000000e+00 0.000000000000000000e+00 1.535109388169390014e-09 4.411234771236686019e-10
1.911547791370583127e+02 0.000000000000000000e+00 0.000000000000000000e+00 1.205981866676365203e-09 4.411234771236686019e-10
2.324521999147883946e+02 0.000000000000000000e+00 0.000000000000000000e+00 9.522053205414552650e-10 4.411234771236686019e-10
2.826715894269234468e+02 0.000000000000000000e+00 0.000000000000000000e+00 7.564126073889600611e-10 4.411234771236686019e-10
3.437404657750449246e+02 0.000000000000000000e+00 0.000000000000000000e+00 6.036322826540929914e-10 4.411234771236686019e-10
4.180027715229267073e+02 0.000000000000000000e+00 0.000000000000000000e+00 4.828292275704590360e-10 4.411234771236686019e-10
5.083088387830212014e+02 0.000000000000000000e+00 0.000000000000000000e+00 3.858150015856821001e-10 4.411234771236686019e-10
6.181247905213276681e+02 0.000000000000000000e+00 0.000000000000000000e+00 3.069590106102922818e-10 4.411234771236686019e-10
7.516655771160627637e+02 0.000000000000000000e+00 0.000000000000000000e+00 2.422523268981062599e-10 4.411234771236686019e-10
9.140567543726903068e+02 0.000000000000000000e+00 0.000000000000000000e+00 1.891243679873527993e-10 4.411234771236686019e-10
