2.223062424702014184e+01 0.000000000000000000e+00 0.000000000000000000e+00 8.886734822466298497e-09 2.200747650640901142e-09
2.703336811680613749e+01 0.000000000000000000e+00 0.000000000000000000e+00 7.318038136956027125e-09 2.200747650640901142e-09
3.287370537229559631e+01 0.000000000000000000e+00 0.000000000000000000e+00 5.957714395973285039e-09 2.200747650640901142e-09
3.997579954651146039e+01 0.000000000000000000e+00 0.000000000000000000e+00 4.795718743225114581e-09 2.200747650640901142e-09
4.861224286355134439e+01 0.000000000000000000e+00 0.000000000000000000e+00 3.809596576674781730e-09 2.200747650640901142e-09
5.911451885972652320e+01 0.000000000000000000e+00 0.000000000000000000e+00 2.985716578574455513e-09 2.200747650640901142e-09
7.188572536810676183e+01 0.000000000000000000e+00 0.000000000000000000e+00 2.321627353182570746e-09 2.200747650640901142e-09
8.741604619942908982e+01 0.000000000000000000e+00 0.000000000000000000e+00 1.806706838594245473e-09 2.200747650640901142e-09
1.063015653526535687e+02 0.000000000000000000e+00 0.000000000000000000e+00 1.412091913428153124e-09 2.200747650640901142e-09
1.292671458812591823e+02 0.000000000000000000e+00 0.000000000000000000e+00 1.107804147925747337e-09 2.200747650640901142e-09
1.571942515507803080e+02 0.000000000000000000e+00 0.000000000000000000e+00 8.748354891950484393e-10 2.200747650640901142e-09
1.911547791370583127e+02 0.000000000000000000e+00 0.000000000000000000e+00 6.961207096843556641e-10 2.200747650640901142e-09
2.324521999147883946e+02 0.000000000000000000e+00 0.000000000000000000e+00 5.574541774305833351e-10 2.200747650640901142e-09
2.826715894269234468e+02 0.000000000000000000e+00 0.000000000000000000e+00 4.484378597690650123e-10 2.200747650640901142e-09
3.437404657750449246e+02 0.000000000000000000e+00 0.000000000000000000e+00 3.608515232922060816e-10 2.200747650640901142e-09
4.180027715229267073e+02 0.000000000000000000e+00 0.000000000000000000e+00 2.895459073963683481e-10 2.200747650640901142e-09
5.083088387830212014e+02 0.000000000000000000e+00 0.000000000000000000e+00 2.307642249834931351e-10 2.200747650640901142e-09
6.181247905213276681e+02 0.000000000000000000e+00 0.000000000000000000e+00 1.818536947067461889e-10 2.200747650640901142e-09
7.516655771160627637e+02 0.000000000000000000e+00 0.000000000000000000e+00 1.414070092298550922e-10 2.200747650640901142e-09
9.140567543726903068e+02 0.000000000000000000e+00 0.000000000000000000e+00 1.081220170079234258e-10 2.200747650640901142e-09
