2.223062424702014184e+01 0.000000000000000000e+00 0.000000000000000000e+00 1.081686008766918260e-06 3.275507661820245920e-08
2.703336811680613749e+01 0.000000000000000000e+00 0.000000000000000000e+00 1.201996947286091446e-06 3.275507661820245920e-08
3.287370537229559631e+01 0.000000000000000000e+00 0.000000000000000000e+00 1.312639707660066812e-06 3.275507661820245920e-08
3.997579954651146039e+01 0.000000000000000000e+00 0.000000000000000000e+00 1.404549212717503889e-06 3.275507661820245920e-08
4.861224286355134439e+01 0.000000000000000000e+00 0.000000000000000000e+00 1.467029431956346178e-06 3.275507661820245920e-08
5.911451885972652320e+01 0.000000000000000000e+00 0.000000000000000000e+00 1.488714544176569590e-06 3.275507661820245920e-08
7.188572536810676183e+01 0.000000000000000000e+00 0.000000000000000000e+00 1.458767339340563693e-06 3.275507661820245920e-08
8.741604619942908982e+01 0.000000000000000000e+00 0.000000000000000000e+00 1.369879655581608186e-06 3.275507661820245920e-08
1.063015653526535687e+02 0.000000000000000000e+00 0.000000000000000000e+00 1.223371074920077370e-06 3.275507661820245920e-08
1.292671458812591823e+02 0.000000000000000000e+00 0.000000000000000000e+00 1.034897665929305187e-06 3.275507661820245920e-08
1.571942515507803080e+02 0.000000000000000000e+00 0.000000000000000000e+00 8.368056862833416875e-07 3.275507661820245920e-08
1.911547791370583127e+02 0.000000000000000000e+00 0.000000000000000000e+00 6.690266159644169492e-07 3.275507661820245920e-08
2.324521999147883946e+02 0.000000000000000000e+00 0.000000000000000000e+00 5.543021669964696259e-07 3.275507661820245920e-08
2.826715894269234468e+02 0.000000000000000000e+00 0.000000000000000000e+00 4.724647042027443247e-07 3.275507661820245920e-08
3.437404657750449246e+02 0.000000000000000000e+00 0.000000000000000000e+00 3.715437287101262453e-07 3.275507661820245920e-08
4.180027715229267073e+02 0.000000000000000000e+00 0.000000000000000000e+00 2.576624540918350479e-07 3.275507661820245920e-08
5.083088387830212014e+02 0.000000000000000000e+00 0.000000000000000000e+00 1.940260935907403779e-07 3.275507661820245920e-08
6.181247905213276681e+02 0.000000000000000000e+00 0.000000000000000000e+00 1.475766184097598538e-07 3.275507661820245920e-08
7.516655771160627637e+02 0.000000000000000000e+00 0.000000000000000000e+00 1.008898898306027909e-07 3.275507661820245920e-08
9.140567543726903068e+02 0.000000000000000000e+00 0.000000000000000000e+00 7.346295241136947724e-08 3.275507661820245920e-08
