2.223062424702014184e+01 0.000000000000000000e+00 0.000000000000000000e+00 3.834706957893656854e-08 2.200507202058571118e-09
2.703336811680613749e+01 0.000000000000000000e+00 0.000000000000000000e+00 3.405964480839340947e-08 2.200507202058571118e-09
3.287370537229559631e+01 0.000000000000000000e+00 0.000000000000000000e+00 2.952885585230754320e-08 2.200507202058571118e-09
3.997579954651146039e+01 0.000000000000000000e+00 0.000000000000000000e+00 2.503867390717261579e-08 2.200507202058571118e-09
4.861224286355134439e+01 0.000000000000000000e+00 0.000000000000000000e+00 2.084158527342542731e-08 2.200507202058571118e-09
5.911451885972652320e+01 0.000000000000000000e+00 0.000000000000000000e+00 1.710644869759530014e-08 2.200507202058571118e-09
7.188572536810676183e+01 0.000000000000000000e+00 0.000000000000000000e+00 1.388819044752589982e-08 2.200507202058571118e-09
8.741604619942908982e+01 0.000000000000000000e+00 0.000000000000000000e+00 1.114584706674161718e-08 2.200507202058571118e-09
1.063015653526535687e+02 0.000000000000000000e+00 0.000000000000000000e+00 8.808312454329606956e-09 2.200507202058571118e-09
1.292671458812591823e+02 0.000000000000000000e+00 0.000000000000000000e+00 6.844384594624482534e-09 2.200507202058571118e-09
1.571942515507803080e+02 0.000000000000000000e+00 0.000000000000000000e+00 5.268400448375464285e-09 2.200507202058571118e-09
1.911547791370583127e+02 0.000000000000000000e+00 0.000000000000000000e+00 4.065045972449309687e-09 2.200507202058571118e-09
2.324521999147883946e+02 0.000000000000000000e+00 0.000000000000000000e+00 3.147301675551873600e-09 2.200507202058571118e-09
2.826715894269234468e+02 0.000000000000000000e+00 0.000000000000000000e+00 2.437422942946987592e-09 2.200507202058571118e-09
3.437404657750449246e+02 0.000000000000000000e+00 0.000000000000000000e+00 1.902067142089881234e-09 2.200507202058571118e-09
4.180027715229267073e+02 0.000000000000000000e+00 0.000000000000000000e+00 1.495117453747688503e-09 2.200507202058571118e-09
5.083088387830212014e+02 0.000000000000000000e+00 0.000000000000000000e+00 1.183080927653001177e-09 2.200507202058571118e-09
6.181247905213276681e+02 0.000000000000000000e+00 0.000000000000000000e+00 9.405109508466939943e-10 2.200507202058571118e-09
7.516655771160627637e+02 0.000000000000000000e+00 0.000000000000000000e+00 7.491605075258820289e-10 2.200507202058571118e-09
9.140567543726903068e+02 0.000000000000000000e+00 0.000000000000000000e+00 5.955401017720621233e-10 2.200507202058571118e-09
