2.223062424702014184e+01 0.000000000000000000e+00 0.000000000000000000e+00 2.787119880593531143e-05 3.255543861894823311e-08
2.703336811680613749e+01 0.000000000000000000e+00 0.000000000000000000e+00 2.503900130569428016e-05 3.255543861894823311e-08
3.287370537229559631e+01 0.000000000000000000e+00 0.000000000000000000e+00 2.138267827632689525e-05 3.255543861894823311e-08
3.997579954651146039e+01 0.000000000000000000e+00 0.000000000000000000e+00 1.749184162390152753e-05 3.255543861894823311e-08
4.861224286355134439e+01 0.000000000000000000e+00 0.000000000000000000e+00 1.407504222900570276e-05 3.255543861894823311e-08
5.911451885972652320e+01 0.000000000000000000e+00 0.000000000000000000e+00 1.155143590664905220e-05 3.255543861894823311e-08
7.188572536810676183e+01 0.000000000000000000e+00 0.000000000000000000e+00 9.671917555479097014e-06 3.255543861894823311e-08
8.741604619942908982e+01 0.000000000000000000e+00 0.000000000000000000e+00 7.742819148932105771e-06 3.255543861894823311e-08
1.063015653526535687e+02 0.000000000000000000e+00 0.000000000000000000e+00 5.678757812597303508e-06 3.255543861894823311e-08
1.292671458812591823e+02 0.000000000000000000e+00 0.000000000000000000e+00 4.176144641200960439e-06 3.255543861894823311e-08
1.571942515507803080e+02 0.000000000000000000e+00 0.000000000000000000e+00 3.203258687705541235e-06 3.255543861894823311e-08
1.911547791370583127e+02 0.000000000000000000e+00 0.000000000000000000e+00 2.327371385754905630e-06 3.255543861894823311e-08
2.324521999147883946e+02 0.000000000000000000e+00 0.000000000000000000e+00 1.715144436102872723e-06 3.255543861894823311e-08
2.826715894269234468e+02 0.000000000000000000e+00 0.000000000000000000e+00 1.262347464528293162e-06 3.255543861894823311e-08
3.437404657750449246e+02 0.000000000000000000e+00 0.000000000000000000e+00 9.379619688294972027e-07 3.255543861894823311e-08
4.180027715229267073e+02 0.000000000000000000e+00 0.000000000000000000e+00 7.043716565017231037e-07 3.255543861894823311e-08
5.083088387830212014e+02 0.000000000000000000e+00 0.000000000000000000e+00 5.369980728452864697e-07 3.255543861894823311e-08
6.181247905213276681e+02 0.000000000000000000e+00 0.000000000000000000e+00 4.157490452301593167e-07 3.255543861894823311e-08
7.516655771160627637e+02 0.000000000000000000e+00 0.000000000000000000e+00 3.264122705428610848e-07 3.255543861894823311e-08
9.140567543726903068e+02 0.000000000000000000e+00 0.000000000000000000e+00 2.590482749248193371e-07 3.255543861894823311e-08
