2.223062424702014184e+01 0.000000000000000000e+00 0.000000000000000000e+00 2.156206586442776735e-05 3.255355849676385910e-08
2.703336811680613749e+01 0.000000000000000000e+00 0.000000000000000000e+00 2.221690185149206419e-05 3.255355849676385910e-08
3.287370537229559631e+01 0.000000000000000000e+00 0.000000000000000000e+00 2.206526683052437062e-05 3.255355849676385910e-08
3.997579954651146039e+01 0.000000000000000000e+00 0.000000000000000000e+00 2.095126528995634363e-05 3.255355849676385910e-08
4.861224286355134439e+01 0.000000000000000000e+00 0.000000000000000000e+00 1.888985010369711757e-05 3.255355849676385910e-08
5.911451885972652320e+01 0.000000000000000000e+00 0.000000000000000000e+00 1.618832981409201702e-05 3.255355849676385910e-08
7.188572536810676183e+01 0.000000000000000000e+00 0.000000000000000000e+00 1.344286558574153887e-05 3.255355849676385910e-08
8.741604619942908982e+01 0.000000000000000000e+00 0.000000000000000000e+00 1.126945992783486305e-05 3.255355849676385910e-08
1.063015653526535687e+02 0.000000000000000000e+00 0.000000000000000000e+00 9.777794860044992904e-06 3.255355849676385910e-08
1.292671458812591823e+02 0.000000000000000000e+00 0.000000000000000000e+00 8.263890057484788739e-06 3.255355849676385910e-08
1.571942515507803080e+02 0.000000000000000000e+00 0.000000000000000000e+00 6.196800646702354342e-06 3.255355849676385910e-08
1.911547791370583127e+02 0.000000000000000000e+00 0.000000000000000000e+00 4.569782580987851093e-06 3.255355849676385910e-08
2.324521999147883946e+02 0.000000000000000000e+00 0.000000000000000000e+00 3.719622566575878055e-06 3.255355849676385910e-08
2.826715894269234468e+02 0.000000000000000000e+00 0.000000000000000000e+00 2.674369181201461366e-06 3.255355849676385910e-08
3.437404657750449246e+02 0.000000000000000000e+00 0.000000000000000000e+00 2.058132722144686510e-06 3.255355849676385910e-08
4.180027715229267073e+02 0.000000000000000000e+00 0.000000000000000000e+00 1.511230435690816358e-06 3.255355849676385910e-08
5.083088387830212014e+02 0.000000000000000000e+00 0.000000000000000000e+00 1.145734433192050708e-06 3.255355849676385910e-08
6.181247905213276681e+02 0.000000000000000000e+00 0.000000000000000000e+00 8.728852927004148771e-07 3.255355849676385910e-08
7.516655771160627637e+02 0.000000000000000000e+00 0.000000000000000000e+00 6.738246734203342158e-07 3.255355849676385910e-08
9.140567543726903068e+02 0.000000000000000000e+00 0.000000000000000000e+00 5.285191525210042664e-07 3.255355849676385910e-08
