2.223062424702014184e+01 0.000000000000000000e+00 0.000000000000000000e+00 2.951217054202593962e-08 2.200980689026264444e-09
2.703336811680613749e+01 0.000000000000000000e+00 0.000000000000000000e+00 2.577663689649644826e-08 2.200980689026264444e-09
3.287370537229559631e+01 0.000000000000000000e+00 0.000000000000000000e+00 2.194902951918400057e-08 2.200980689026264444e-09
3.997579954651146039e+01 0.000000000000000000e+00 0.000000000000000000e+00 1.825452523704187032e-08 2.200980689026264444e-09
4.861224286355134439e+01 0.000000000000000000e+00 0.000000000000000000e+00 1.488563344366917802e-08 2.200980689026264444e-09
5.911451885972652320e+01 0.000000000000000000e+00 0.000000000000000000e+00 1.196433323675666467e-08 2.200980689026264444e-09
7.188572536810676183e+01 0.000000000000000000e+00 0.000000000000000000e+00 9.521652534604223355e-09 2.200980689026264444e-09
8.741604619942908982e+01 0.000000000000000000e+00 0.000000000000000000e+00 7.508555482372299917e-09 2.200980689026264444e-09
1.063015653526535687e+02 0.000000000000000000e+00 0.000000000000000000e+00 5.842869587370079890e-09 2.200980689026264444e-09
1.292671458812591823e+02 0.000000000000000000e+00 0.000000000000000000e+00 4.466024006870674131e-09 2.200980689026264444e-09
1.571942515507803080e+02 0.000000000000000000e+00 0.000000000000000000e+00 3.365448113931748531e-09 2.200980689026264444e-09
1.911547791370583127e+02 0.000000000000000000e+00 0.000000000000000000e+00 2.533606424981687461e-09 2.200980689026264444e-09
2.324521999147883946e+02 0.000000000000000000e+00 0.000000000000000000e+00 1.918914766663011852e-09 2.200980689026264444e-09
2.826715894269234468e+02 0.000000000000000000e+00 0.000000000000000000e+00 1.454656116889857666e-09 2.200980689026264444e-09
3.437404657750449246e+02 0.000000000000000000e+00 0.000000000000000000e+00 1.108226435821213072e-09 2.200980689026264444e-09
4.180027715229267073e+02 0.000000000000000000e+00 0.000000000000000000e+00 8.527025996290956914e-10 2.200980689026264444e-09
5.083088387830212014e+02 0.000000000000000000e+00 0.000000000000000000e+00 6.611347652702616196e-10 2.200980689026264444e-09
6.181247905213276681e+02 0.000000000000000000e+00 0.000000000000000000e+00 5.165904827604977869e-10 2.200980689026264444e-09
7.516655771160627637e+02 0.000000000000000000e+00 0.000000000000000000e+00 4.059895342544536950e-10 2.200980689026264444e-09
9.140567543726903068e+02 0.000000000000000000e+00 0.000000000000000000e+00 3.196519902133475103e-10 2.200980689026264444e-09
