2.223062424702014184e+01 0.000000000000000000e+00 0.000000000000000000e+00 6.822066855100873546e-08 2.200571548280912781e-09
2.703336811680613749e+01 0.000000000000000000e+00 0.000000000000000000e+00 6.347240746181755143e-08 2.200571548280912781e-09
3.287370537229559631e+01 0.000000000000000000e+00 0.000000000000000000e+00 5.765097429565815671e-08 2.200571548280912781e-09
3.997579954651146039e+01 0.000000000000000000e+00 0.000000000000000000e+00 5.108203043265768964e-08 2.200571548280912781e-09
4.861224286355134439e+01 0.000000000000000000e+00 0.000000000000000000e+00 4.417817573721126086e-08 2.200571548280912781e-09
5.911451885972652320e+01 0.000000000000000000e+00 0.000000000000000000e+00 3.737541661510045269e-08 2.200571548280912781e-09
7.188572536810676183e+01 0.000000000000000000e+00 0.000000000000000000e+00 3.105081137907188781e-08 2.200571548280912781e-09
8.741604619942908982e+01 0.000000000000000000e+00 0.000000000000000000e+00 2.544388441731402075e-08 2.200571548280912781e-09
1.063015653526535687e+02 0.000000000000000000e+00 0.000000000000000000e+00 2.061733919002929478e-08 2.200571548280912781e-09
1.292671458812591823e+02 0.000000000000000000e+00 0.000000000000000000e+00 1.649662766173118795e-08 2.200571548280912781e-09
1.571942515507803080e+02 0.000000000000000000e+00 0.000000000000000000e+00 1.297834861142673329e-08 2.200571548280912781e-09
1.911547791370583127e+02 0.000000000000000000e+00 0.000000000000000000e+00 1.003060042671057912e-08 2.200571548280912781e-09
2.324521999147883946e+02 0.000000000000000000e+00 0.000000000000000000e+00 7.681015395138597703e-09 2.200571548280912781e-09
2.826715894269234468e+02 0.000000000000000000e+00 0.000000000000000000e+00 5.893217709953186518e-09 2.200571548280912781e-09
3.437404657750449246e+02 0.000000000000000000e+00 0.000000000000000000e+00 4.526736975414585292e-09 2.200571548280912781e-09
4.180027715229267073e+02 0.000000000000000000e+00 0.000000000000000000e+00 3.474520071369575569e-09 2.200571548280912781e-09
5.083088387830212014e+02 0.000000000000000000e+00 0.000000000000000000e+00 2.685927156333583780e-09 2.200571548280912781e-09
6.181247905213276681e+02 0.000000000000000000e+00 0.000000000000000000e+00 2.088960287064487836e-09 2.200571548280912781e-09
7.516655771160627637e+02 0.000000000000000000e+00 0.000000000000000000e+00 1.635244634353092545e-09 2.200571548280912781e-09
9.140567543726903068e+02 0.000000000000000000e+00 0.000000000000000000e+00 1.285971098384597943e-09 2.200571548280912781e-09
