2.223062424702014184e+01 0.000000000000000000e+00 0.000000000000000000e+00 8.426010582330810349e-06 3.256227183459138425e-08
2.703336811680613749e+01 0.000000000000000000e+00 0.000000000000000000e+00 8.694535065684279773e-06 3.256227183459138425e-08
3.287370537229559631e+01 0.000000000000000000e+00 0.000000000000000000e+00 8.695044988292195774e-06 3.256227183459138425e-08
3.997579954651146039e+01 0.000000000000000000e+00 0.000000000000000000e+00 8.371001475436655158e-06 3.256227183459138425e-08
4.861224286355134439e+01 0.000000000000000000e+00 0.000000000000000000e+00 7.698811386134226235e-06 3.256227183459138425e-08
5.911451885972652320e+01 0.000000000000000000e+00 0.000000000000000000e+00 6.719814326460838546e-06 3.256227183459138425e-08
7.188572536810676183e+01 0.000000000000000000e+00 0.000000000000000000e+00 5.568684624018322869e-06 3.256227183459138425e-08
8.741604619942908982e+01 0.000000000000000000e+00 0.000000000000000000e+00 4.463112553819399976e-06 3.256227183459138425e-08
1.063015653526535687e+02 0.000000000000000000e+00 0.000000000000000000e+00 3.606874174249675512e-06 3.256227183459138425e-08
1.292671458812591823e+02 0.000000000000000000e+00 0.000000000000000000e+00 3.037873055559327561e-06 3.256227183459138425e-08
1.571942515507803080e+02 0.000000000000000000e+00 0.000000000000000000e+00 2.537957235350326976e-06 3.256227183459138425e-08
1.911547791370583127e+02 0.000000000000000000e+00 0.000000000000000000e+00 1.894966998409193778e-06 3.256227183459138425e-08
2.324521999147883946e+02 0.000000000000000000e+00 0.000000000000000000e+00 1.336858435395172378e-06 3.256227183459138425e-08
2.826715894269234468e+02 0.000000000000000000e+00 0.000000000000000000e+00 1.050142138932759754e-06 3.256227183459138425e-08
3.437404657750449246e+02 0.000000000000000000e+00 0.000000000000000000e+00 7.604217099047260897e-07 3.256227183459138425e-08
4.180027715229267073e+02 0.000000000000000000e+00 0.000000000000000000e+00 5.520842097479329241e-07 3.256227183459138425e-08
5.083088387830212014e+02 0.000000000000000000e+00 0.000000000000000000e+00 4.007897182194245868e-07 3.256227183459138425e-08
6.181247905213276681e+02 0.000000000000000000e+00 0.000000000000000000e+00 2.931656280362321983e-07 3.256227183459138425e-08
7.516655771160627637e+02 0.000000000000000000e+00 0.000000000000000000e+00 2.145284847872303391e-07 3.256227183459138425e-08
9.140567543726903068e+02 0.000000000000000000e+00 0.000000000000000000e+00 1.590538602091621448e-07 3.256227183459138425e-08
