2.223062424702014184e+01 0.000000000000000000e+00 0.000000000000000000e+00 7.114679745067433505e-08 2.214243179390486276e-09
2.703336811680613749e+01 0.000000000000000000e+00 0.000000000000000000e+00 6.670851010194707364e-08 2.214243179390486276e-09
3.287370537229559631e+01 0.000000000000000000e+00 0.000000000000000000e+00 6.108328613878168670e-08 2.214243179390486276e-09
3.997579954651146039e+01 0.000000000000000000e+00 0.000000000000000000e+00 5.454378208989776918e-08 2.214243179390486276e-09
4.861224286355134439e+01 0.000000000000000000e+00 0.000000000000000000e+00 4.745825093418117030e-08 2.214243179390486276e-09
5.911451885972652320e+01 0.000000000000000000e+00 0.000000000000000000e+00 4.025413439201852848e-08 2.214243179390486276e-09
7.188572536810676183e+01 0.000000000000000000e+00 0.000000000000000000e+00 3.335916862094258384e-08 2.214243179390486276e-09
8.741604619942908982e+01 0.000000000000000000e+00 0.000000000000000000e+00 2.712412397241599988e-08 2.214243179390486276e-09
1.063015653526535687e+02 0.000000000000000000e+00 0.000000000000000000e+00 2.175379073082220073e-08 2.214243179390486276e-09
1.292671458812591823e+02 0.000000000000000000e+00 0.000000000000000000e+00 1.727558628669264335e-08 2.214243179390486276e-09
1.571942515507803080e+02 0.000000000000000000e+00 0.000000000000000000e+00 1.357596575754190702e-08 2.214243179390486276e-09
1.911547791370583127e+02 0.000000000000000000e+00 0.000000000000000000e+00 1.049951767092044224e-08 2.214243179390486276e-09
2.324521999147883946e+02 0.000000000000000000e+00 0.000000000000000000e+00 7.961636526645220001e-09 2.214243179390486276e-09
2.826715894269234468e+02 0.000000000000000000e+00 0.000000000000000000e+00 5.949658130366409631e-09 2.214243179390486276e-09
3.437404657750449246e+02 0.000000000000000000e+00 0.000000000000000000e+00 4.442595320906720005e-09 2.214243179390486276e-09
4.180027715229267073e+02 0.000000000000000000e+00 0.000000000000000000e+00 3.326285733225891791e-09 2.214243179390486276e-09
5.083088387830212014e+02 0.000000000000000000e+00 0.000000000000000000e+00 2.483040278393610851e-09 2.214243179390486276e-09
6.181247905213276681e+02 0.000000000000000000e+00 0.000000000000000000e+00 1.860810501196490144e-09 2.214243179390486276e-09
7.516655771160627637e+02 0.000000000000000000e+00 0.000000000000000000e+00 1.404388968472725676e-09 2.214243179390486276e-09
9.140567543726903068e+02 0.000000000000000000e+00 0.000000000000000000e+00 1.066647663232491089e-09 2.214243179390486276e-09
