2.223062424702014184e+01 0.000000000000000000e+00 0.000000000000000000e+00 1.639380575722108281e-08 2.200910444393931196e-09
2.703336811680613749e+01 0.000000000000000000e+00 0.000000000000000000e+00 1.379226180576652694e-08 2.200910444393931196e-09
3.287370537229559631e+01 0.000000000000000000e+00 0.000000000000000000e+00 1.141987922271301003e-08 2.200910444393931196e-09
3.997579954651146039e+01 0.000000000000000000e+00 0.000000000000000000e+00 9.341117167322059539e-09 2.200910444393931196e-09
4.861224286355134439e+01 0.000000000000000000e+00 0.000000000000000000e+00 7.559224739259033012e-09 2.200910444393931196e-09
5.911451885972652320e+01 0.000000000000000000e+00 0.000000000000000000e+00 6.040786149618159983e-09 2.200910444393931196e-09
7.188572536810676183e+01 0.000000000000000000e+00 0.000000000000000000e+00 4.755911939212828384e-09 2.200910444393931196e-09
8.741604619942908982e+01 0.000000000000000000e+00 0.000000000000000000e+00 3.700172724233940273e-09 2.200910444393931196e-09
1.063015653526535687e+02 0.000000000000000000e+00 0.000000000000000000e+00 2.872459925663277878e-09 2.200910444393931196e-09
1.292671458812591823e+02 0.000000000000000000e+00 0.000000000000000000e+00 2.239771469124463798e-09 2.200910444393931196e-09
1.571942515507803080e+02 0.000000000000000000e+00 0.000000000000000000e+00 1.751456066614226438e-09 2.200910444393931196e-09
1.911547791370583127e+02 0.000000000000000000e+00 0.000000000000000000e+00 1.375989479706582163e-09 2.200910444393931196e-09
2.324521999147883946e+02 0.000000000000000000e+00 0.000000000000000000e+00 1.089866757711862422e-09 2.200910444393931196e-09
2.826715894269234468e+02 0.000000000000000000e+00 0.000000000000000000e+00 8.688950558824086326e-10 2.200910444393931196e-09
3.437404657750449246e+02 0.000000000000000000e+00 0.000000000000000000e+00 6.964416907453692520e-10 2.200910444393931196e-09
4.180027715229267073e+02 0.000000000000000000e+00 0.000000000000000000e+00 5.594697117697782355e-10 2.200910444393931196e-09
5.083088387830212014e+02 0.000000000000000000e+00 0.000000000000000000e+00 4.486991057367692086e-10 2.200910444393931196e-09
6.181247905213276681e+02 0.000000000000000000e+00 0.000000000000000000e+00 3.580647586011177047e-10 2.200910444393931196e-09
7.516655771160627637e+02 0.000000000000000000e+00 0.000000000000000000e+00 2.830191295781698608e-10 2.200910444393931196e-09
9.140567543726903068e+02 0.000000000000000000e+00 0.000000000000000000e+00 2.210256729005107110e-10 2.200910444393931196e-09
