2.223062424702014184e+01 0.000000000000000000e+00 0.000000000000000000e+00 1.033952921601726461e-06 3.283001225483663250e-08
2.703336811680613749e+01 0.000000000000000000e+00 0.000000000000000000e+00 1.149978228991107967e-06 3.283001225483663250e-08
3.287370537229559631e+01 0.000000000000000000e+00 0.000000000000000000e+00 1.257141493784363794e-06 3.283001225483663250e-08
3.997579954651146039e+01 0.000000000000000000e+00 0.000000000000000000e+00 1.346814579920362298e-06 3.283001225483663250e-08
4.861224286355134439e+01 0.000000000000000000e+00 0.000000000000000000e+00 1.408775069206488262e-06 3.283001225483663250e-08
5.911451885972652320e+01 0.000000000000000000e+00 0.000000000000000000e+00 1.432095612566494560e-06 3.283001225483663250e-08
7.188572536810676183e+01 0.000000000000000000e+00 0.000000000000000000e+00 1.406268660881058487e-06 3.283001225483663250e-08
8.741604619942908982e+01 0.000000000000000000e+00 0.000000000000000000e+00 1.323947884913809631e-06 3.283001225483663250e-08
1.063015653526535687e+02 0.000000000000000000e+00 0.000000000000000000e+00 1.185789084925765445e-06 3.283001225483663250e-08
1.292671458812591823e+02 0.000000000000000000e+00 0.000000000000000000e+00 1.005957143427693036e-06 3.283001225483663250e-08
1.571942515507803080e+02 0.000000000000000000e+00 0.000000000000000000e+00 8.147751947531698688e-07 3.283001225483663250e-08
1.911547791370583127e+02 0.000000000000000000e+00 0.000000000000000000e+00 6.509106498492592360e-07 3.283001225483663250e-08
2.324521999147883946e+02 0.000000000000000000e+00 0.000000000000000000e+00 5.378933222065414547e-07 3.283001225483663250e-08
2.826715894269234468e+02 0.000000000000000000e+00 0.000000000000000000e+00 4.589538200451649121e-07 3.283001225483663250e-08
3.437404657750449246e+02 0.000000000000000000e+00 0.000000000000000000e+00 3.636826177834550267e-07 3.283001225483663250e-08
4.180027715229267073e+02 0.000000000000000000e+00 0.000000000000000000e+00 2.527095212794818567e-07 3.283001225483663250e-08
5.083088387830212014e+02 0.000000000000000000e+00 0.000000000000000000e+00 1.886685397783374127e-07 3.283001225483663250e-08
6.181247905213276681e+02 0.000000000000000000e+00 0.000000000000000000e+00 1.449177365754270380e-07 3.283001225483663250e-08
7.516655771160627637e+02 0.000000000000000000e+00 0.000000000000000000e+00 9.845489478334366955e-08 3.283001225483663250e-08
9.140567543726903068e+02 0.000000000000000000e+00 0.000000000000000000e+00 7.207074442401202272e-08 3.283001225483663250e-08
