2.223062424702014184e+01 0.000000000000000000e+00 0.000000000000000000e+00 1.986054733161463814e-05 3.255784681056110812e-08
2.703336811680613749e+01 0.000000000000000000e+00 0.000000000000000000e+00 1.927777090300077621e-05 3.255784681056110812e-08
3.287370537229559631e+01 0.000000000000000000e+00 0.000000000000000000e+00 1.790930100217618775e-05 3.255784681056110812e-08
3.997579954651146039e+01 0.000000000000000000e+00 0.000000000000000000e+00 1.581636706132333168e-05 3.255784681056110812e-08
4.861224286355134439e+01 0.000000000000000000e+00 0.000000000000000000e+00 1.325924629030391122e-05 3.255784681056110812e-08
5.911451885972652320e+01 0.000000000000000000e+00 0.000000000000000000e+00 1.069491576513991226e-05 3.255784681056110812e-08
7.188572536810676183e+01 0.000000000000000000e+00 0.000000000000000000e+00 8.604888016334845806e-06 3.255784681056110812e-08
8.741604619942908982e+01 0.000000000000000000e+00 0.000000000000000000e+00 7.168333461235096306e-06 3.255784681056110812e-08
1.063015653526535687e+02 0.000000000000000000e+00 0.000000000000000000e+00 6.024950539595134836e-06 3.255784681056110812e-08
1.292671458812591823e+02 0.000000000000000000e+00 0.000000000000000000e+00 4.653601760184484026e-06 3.255784681056110812e-08
1.571942515507803080e+02 0.000000000000000000e+00 0.000000000000000000e+00 3.309036798573762193e-06 3.255784681056110812e-08
1.911547791370583127e+02 0.000000000000000000e+00 0.000000000000000000e+00 2.530435224503369478e-06 3.255784681056110812e-08
2.324521999147883946e+02 0.000000000000000000e+00 0.000000000000000000e+00 1.911450501484918895e-06 3.255784681056110812e-08
2.826715894269234468e+02 0.000000000000000000e+00 0.000000000000000000e+00 1.374259444530012199e-06 3.255784681056110812e-08
3.437404657750449246e+02 0.000000000000000000e+00 0.000000000000000000e+00 1.025777654707851700e-06 3.255784681056110812e-08
4.180027715229267073e+02 0.000000000000000000e+00 0.000000000000000000e+00 7.562098801860737705e-07 3.255784681056110812e-08
5.083088387830212014e+02 0.000000000000000000e+00 0.000000000000000000e+00 5.653503105637061203e-07 3.255784681056110812e-08
6.181247905213276681e+02 0.000000000000000000e+00 0.000000000000000000e+00 4.287334283971470103e-07 3.255784681056110812e-08
7.516655771160627637e+02 0.000000000000000000e+00 0.000000000000000000e+00 3.300968722874106735e-07 3.255784681056110812e-08
9.140567543726903068e+02 0.000000000000000000e+00 0.000000000000000000e+00 2.579264137656495904e-07 3.255784681056110812e-08
