2.223062424702014184e+01 0.000000000000000000e+00 0.000000000000000000e+00 1.105521816252000970e-05 3.255934313231564608e-08
2.703336811680613749e+01 0.000000000000000000e+00 0.000000000000000000e+00 1.168156208978412985e-05 3.255934313231564608e-08
3.287370537229559631e+01 0.000000000000000000e+00 0.000000000000000000e+00 1.197073830321787057e-05 3.255934313231564608e-08
3.997579954651146039e+01 0.000000000000000000e+00 0.000000000000000000e+00 1.180912552647859881e-05 3.255934313231564608e-08
4.861224286355134439e+01 0.000000000000000000e+00 0.000000000000000000e+00 1.112635202807419156e-05 3.255934313231564608e-08
5.911451885972652320e+01 0.000000000000000000e+00 0.000000000000000000e+00 9.956385031161838026e-06 3.255934313231564608e-08
7.188572536810676183e+01 0.000000000000000000e+00 0.000000000000000000e+00 8.496661592617332768e-06 3.255934313231564608e-08
8.741604619942908982e+01 0.000000000000000000e+00 0.000000000000000000e+00 7.080772021448924155e-06 3.255934313231564608e-08
1.063015653526535687e+02 0.000000000000000000e+00 0.000000000000000000e+00 5.998899346956223356e-06 3.255934313231564608e-08
1.292671458812591823e+02 0.000000000000000000e+00 0.000000000000000000e+00 5.216268295890286908e-06 3.255934313231564608e-08
1.571942515507803080e+02 0.000000000000000000e+00 0.000000000000000000e+00 4.315165487676364756e-06 3.255934313231564608e-08
1.911547791370583127e+02 0.000000000000000000e+00 0.000000000000000000e+00 3.186365557978015151e-06 3.255934313231564608e-08
2.324521999147883946e+02 0.000000000000000000e+00 0.000000000000000000e+00 2.418298591830941723e-06 3.255934313231564608e-08
2.826715894269234468e+02 0.000000000000000000e+00 0.000000000000000000e+00 1.932346537906262414e-06 3.255934313231564608e-08
3.437404657750449246e+02 0.000000000000000000e+00 0.000000000000000000e+00 1.385742124542221413e-06 3.255934313231564608e-08
4.180027715229267073e+02 0.000000000000000000e+00 0.000000000000000000e+00 1.064325010243400641e-06 3.255934313231564608e-08
5.083088387830212014e+02 0.000000000000000000e+00 0.000000000000000000e+00 7.835566310046823101e-07 3.255934313231564608e-08
6.181247905213276681e+02 0.000000000000000000e+00 0.000000000000000000e+00 5.887694026779898924e-07 3.255934313231564608e-08
7.516655771160627637e+02 0.000000000000000000e+00 0.000000000000000000e+00 4.470551021788663606e-07 3.255934313231564608e-08
9.140567543726903068e+02 0.000000000000000000e+00 0.000000000000000000e+00 3.438643100356223684e-07 3.255934313231564608e-08
