2.223062424702014184e+01 0.000000000000000000e+00 0.000000000000000000e+00 4.245361145161432645e-06 3.255571044791534770e-08
2.703336811680613749e+01 0.000000000000000000e+00 0.000000000000000000e+00 4.592556630261569163e-06 3.255571044791534770e-08
3.287370537229559631e+01 0.000000000000000000e+00 0.000000000000000000e+00 4.859420931189893162e-06 3.255571044791534770e-08
3.997579954651146039e+01 0.000000000000000000e+00 0.000000000000000000e+00 5.008237266578595547e-06 3.255571044791534770e-08
4.861224286355134439e+01 0.000000000000000000e+00 0.000000000000000000e+00 5.000749505591110141e-06 3.255571044791534770e-08
5.911451885972652320e+01 0.000000000000000000e+00 0.000000000000000000e+00 4.804198951618775143e-06 3.255571044791534770e-08
7.188572536810676183e+01 0.000000000000000000e+00 0.000000000000000000e+00 4.405488751074396558e-06 3.255571044791534770e-08
8.741604619942908982e+01 0.000000000000000000e+00 0.000000000000000000e+00 3.829967123483013791e-06 3.255571044791534770e-08
1.063015653526535687e+02 0.000000000000000000e+00 0.000000000000000000e+00 3.158750064966109110e-06 3.255571044791534770e-08
1.292671458812591823e+02 0.000000000000000000e+00 0.000000000000000000e+00 2.522661710918514714e-06 3.255571044791534770e-08
1.571942515507803080e+02 0.000000000000000000e+00 0.000000000000000000e+00 2.040673904825075308e-06 3.255571044791534770e-08
1.911547791370583127e+02 0.000000000000000000e+00 0.000000000000000000e+00 1.730043550710589028e-06 3.255571044791534770e-08
2.324521999147883946e+02 0.000000000000000000e+00 0.000000000000000000e+00 1.446405199637206946e-06 3.255571044791534770e-08
2.826715894269234468e+02 0.000000000000000000e+00 0.000000000000000000e+00 1.058549402045302459e-06 3.255571044791534770e-08
3.437404657750449246e+02 0.000000000000000000e+00 0.000000000000000000e+00 7.396220932437591121e-07 3.255571044791534770e-08
4.180027715229267073e+02 0.000000000000000000e+00 0.000000000000000000e+00 5.938540135621936467e-07 3.255571044791534770e-08
5.083088387830212014e+02 0.000000000000000000e+00 0.000000000000000000e+00 4.132085540531298517e-07 3.255571044791534770e-08
6.181247905213276681e+02 0.000000000000000000e+00 0.000000000000000000e+00 3.045414023827804386e-07 3.255571044791534770e-08
7.516655771160627637e+02 0.000000000000000000e+00 0.000000000000000000e+00 2.127581534981750999e-07 3.255571044791534770e-08
9.140567543726903068e+02 0.000000000000000000e+00 0.000000000000000000e+00 1.537607366147886543e-07 3.255571044791534770e-08
