2.223062424702014184e+01 0.000000000000000000e+00 0.000000000000000000e+00 7.184321528750895168e-08 2.214243179390486276e-09
2.703336811680613749e+01 0.000000000000000000e+00 0.000000000000000000e+00 6.726296632482298115e-08 2.214243179390486276e-09
3.287370537229559631e+01 0.000000000000000000e+00 0.000000000000000000e+00 6.150049408559530655e-08 2.214243179390486276e-09
3.997579954651146039e+01 0.000000000000000000e+00 0.000000000000000000e+00 5.483503479082458725e-08 2.214243179390486276e-09
4.861224286355134439e+01 0.000000000000000000e+00 0.000000000000000000e+00 4.764047102326192986e-08 2.214243179390486276e-09
5.911451885972652320e+01 0.000000000000000000e+00 0.000000000000000000e+00 4.034795340755336345e-08 2.214243179390486276e-09
7.188572536810676183e+01 0.000000000000000000e+00 0.000000000000000000e+00 3.338655206137921938e-08 2.214243179390486276e-09
8.741604619942908982e+01 0.000000000000000000e+00 0.000000000000000000e+00 2.710592526001571609e-08 2.214243179390486276e-09
1.063015653526535687e+02 0.000000000000000000e+00 0.000000000000000000e+00 2.170771389638746869e-08 2.214243179390486276e-09
1.292671458812591823e+02 0.000000000000000000e+00 0.000000000000000000e+00 1.721511876307922063e-08 2.214243179390486276e-09
1.571942515507803080e+02 0.000000000000000000e+00 0.000000000000000000e+00 1.351043543824751932e-08 2.214243179390486276e-09
1.911547791370583127e+02 0.000000000000000000e+00 0.000000000000000000e+00 1.043495163847645667e-08 2.214243179390486276e-09
2.324521999147883946e+02 0.000000000000000000e+00 0.000000000000000000e+00 7.901717948876613097e-09 2.214243179390486276e-09
2.826715894269234468e+02 0.000000000000000000e+00 0.000000000000000000e+00 5.896410642866232798e-09 2.214243179390486276e-09
3.437404657750449246e+02 0.000000000000000000e+00 0.000000000000000000e+00 4.396444162008508773e-09 2.214243179390486276e-09
4.180027715229267073e+02 0.000000000000000000e+00 0.000000000000000000e+00 3.286781681551077939e-09 2.214243179390486276e-09
5.083088387830212014e+02 0.000000000000000000e+00 0.000000000000000000e+00 2.449529645655744420e-09 2.214243179390486276e-09
6.181247905213276681e+02 0.000000000000000000e+00 0.000000000000000000e+00 1.832552305047275518e-09 2.214243179390486276e-09
7.516655771160627637e+02 0.000000000000000000e+00 0.000000000000000000e+00 1.380483150139353820e-09 2.214243179390486276e-09
9.140567543726903068e+02 0.000000000000000000e+00 0.000000000000000000e+00 1.046451959284920646e-09 2.214243179390486276e-09
