2.223062424702014184e+01 0.000000000000000000e+00 0.000000000000000000e+00 4.846161378973288874e-05 3.311957808585280372e-08
2.703336811680613749e+01 0.000000000000000000e+00 0.000000000000000000e+00 3.937748827423177611e-05 3.311957808585280372e-08
3.287370537229559631e+01 0.000000000000000000e+00 0.000000000000000000e+00 3.165504869840952984e-05 3.311957808585280372e-08
3.997579954651146039e+01 0.000000000000000000e+00 0.000000000000000000e+00 2.541094455681337561e-05 3.311957808585280372e-08
4.861224286355134439e+01 0.000000000000000000e+00 0.000000000000000000e+00 2.028223642848170507e-05 3.311957808585280372e-08
5.911451885972652320e+01 0.000000000000000000e+00 0.000000000000000000e+00 1.580757263190267327e-05 3.311957808585280372e-08
7.188572536810676183e+01 0.000000000000000000e+00 0.000000000000000000e+00 1.192192891173030471e-05 3.311957808585280372e-08
8.741604619942908982e+01 0.000000000000000000e+00 0.000000000000000000e+00 8.912464596356788605e-06 3.311957808585280372e-08
1.063015653526535687e+02 0.000000000000000000e+00 0.000000000000000000e+00 6.755943752587980073e-06 3.311957808585280372e-08
1.292671458812591823e+02 0.000000000000000000e+00 0.000000000000000000e+00 5.102691159038355435e-06 3.311957808585280372e-08
1.571942515507803080e+02 0.000000000000000000e+00 0.000000000000000000e+00 3.854545764575890602e-06 3.311957808585280372e-08
1.911547791370583127e+02 0.000000000000000000e+00 0.000000000000000000e+00 2.950521986444329222e-06 3.311957808585280372e-08
2.324521999147883946e+02 0.000000000000000000e+00 0.000000000000000000e+00 2.279342689439115950e-06 3.311957808585280372e-08
2.826715894269234468e+02 0.000000000000000000e+00 0.000000000000000000e+00 1.782504009579360283e-06 3.311957808585280372e-08
3.437404657750449246e+02 0.000000000000000000e+00 0.000000000000000000e+00 1.408224738493185226e-06 3.311957808585280372e-08
4.180027715229267073e+02 0.000000000000000000e+00 0.000000000000000000e+00 1.121359218172957404e-06 3.311957808585280372e-08
5.083088387830212014e+02 0.000000000000000000e+00 0.000000000000000000e+00 8.959725609483133822e-07 3.311957808585280372e-08
6.181247905213276681e+02 0.000000000000000000e+00 0.000000000000000000e+00 7.158047530490320642e-07 3.311957808585280372e-08
7.516655771160627637e+02 0.000000000000000000e+00 0.000000000000000000e+00 5.688176472763982013e-07 3.311957808585280372e-08
9.140567543726903068e+02 0.000000000000000000e+00 0.000000000000000000e+00 4.481899065610798338e-07 3.311957808585280372e-08
