2.223062424702014184e+01 0.000000000000000000e+00 0.000000000000000000e+00 1.056776791039466544e-08 2.200543058735705219e-09
2.703336811680613749e+01 0.000000000000000000e+00 0.000000000000000000e+00 8.808019361853644329e-09 2.200543058735705219e-09
3.287370537229559631e+01 0.000000000000000000e+00 0.000000000000000000e+00 7.255569382596687166e-09 2.200543058735705219e-09
3.997579954651146039e+01 0.000000000000000000e+00 0.000000000000000000e+00 5.907083979010252116e-09 2.200543058735705219e-09
4.861224286355134439e+01 0.000000000000000000e+00 0.000000000000000000e+00 4.744629400317695049e-09 2.200543058735705219e-09
5.911451885972652320e+01 0.000000000000000000e+00 0.000000000000000000e+00 3.760706030879675799e-09 2.200543058735705219e-09
7.188572536810676183e+01 0.000000000000000000e+00 0.000000000000000000e+00 2.959778025239584675e-09 2.200543058735705219e-09
8.741604619942908982e+01 0.000000000000000000e+00 0.000000000000000000e+00 2.332110525979218359e-09 2.200543058735705219e-09
1.063015653526535687e+02 0.000000000000000000e+00 0.000000000000000000e+00 1.843047571742893012e-09 2.200543058735705219e-09
1.292671458812591823e+02 0.000000000000000000e+00 0.000000000000000000e+00 1.459706108480860635e-09 2.200543058735705219e-09
1.571942515507803080e+02 0.000000000000000000e+00 0.000000000000000000e+00 1.162533321591825978e-09 2.200543058735705219e-09
1.911547791370583127e+02 0.000000000000000000e+00 0.000000000000000000e+00 9.315234756696016474e-10 2.200543058735705219e-09
2.324521999147883946e+02 0.000000000000000000e+00 0.000000000000000000e+00 7.499251467003555666e-10 2.200543058735705219e-09
2.826715894269234468e+02 0.000000000000000000e+00 0.000000000000000000e+00 6.053296787812142377e-10 2.200543058735705219e-09
3.437404657750449246e+02 0.000000000000000000e+00 0.000000000000000000e+00 4.883972721549158490e-10 2.200543058735705219e-09
4.180027715229267073e+02 0.000000000000000000e+00 0.000000000000000000e+00 3.923353968051790727e-10 2.200543058735705219e-09
5.083088387830212014e+02 0.000000000000000000e+00 0.000000000000000000e+00 3.124333314840596492e-10 2.200543058735705219e-09
6.181247905213276681e+02 0.000000000000000000e+00 0.000000000000000000e+00 2.458608109418374166e-10 2.200543058735705219e-09
7.516655771160627637e+02 0.000000000000000000e+00 0.000000000000000000e+00 1.903860400450328916e-10 2.200543058735705219e-09
9.140567543726903068e+02 0.000000000000000000e+00 0.000000000000000000e+00 1.447414278807509089e-10 2.200543058735705219e-09
