2.223062424702014184e+01 0.000000000000000000e+00 0.000000000000000000e+00 2.672804794752634809e-06 3.255643355587106219e-08
2.703336811680613749e+01 0.000000000000000000e+00 0.000000000000000000e+00 2.932888665813827325e-06 3.255643355587106219e-08
3.287370537229559631e+01 0.000000000000000000e+00 0.000000000000000000e+00 3.155888772766699565e-06 3.255643355587106219e-08
3.997579954651146039e+01 0.000000000000000000e+00 0.000000000000000000e+00 3.318231968665037516e-06 3.255643355587106219e-08
4.861224286355134439e+01 0.000000000000000000e+00 0.000000000000000000e+00 3.394086194343127050e-06 3.255643355587106219e-08
5.911451885972652320e+01 0.000000000000000000e+00 0.000000000000000000e+00 3.357933053461505064e-06 3.255643355587106219e-08
7.188572536810676183e+01 0.000000000000000000e+00 0.000000000000000000e+00 3.189887909637946487e-06 3.255643355587106219e-08
8.741604619942908982e+01 0.000000000000000000e+00 0.000000000000000000e+00 2.886485746937515953e-06 3.255643355587106219e-08
1.063015653526535687e+02 0.000000000000000000e+00 0.000000000000000000e+00 2.473669191628940464e-06 3.255643355587106219e-08
1.292671458812591823e+02 0.000000000000000000e+00 0.000000000000000000e+00 2.016249348325932914e-06 3.255643355587106219e-08
1.571942515507803080e+02 0.000000000000000000e+00 0.000000000000000000e+00 1.606999746775866889e-06 3.255643355587106219e-08
1.911547791370583127e+02 0.000000000000000000e+00 0.000000000000000000e+00 1.314706066339032846e-06 3.255643355587106219e-08
2.324521999147883946e+02 0.000000000000000000e+00 0.000000000000000000e+00 1.123293558461472905e-06 3.255643355587106219e-08
2.826715894269234468e+02 0.000000000000000000e+00 0.000000000000000000e+00 9.151365286463911502e-07 3.255643355587106219e-08
3.437404657750449246e+02 0.000000000000000000e+00 0.000000000000000000e+00 6.445137637709556084e-07 3.255643355587106219e-08
4.180027715229267073e+02 0.000000000000000000e+00 0.000000000000000000e+00 4.653834501272890112e-07 3.255643355587106219e-08
5.083088387830212014e+02 0.000000000000000000e+00 0.000000000000000000e+00 3.713609319223293591e-07 3.255643355587106219e-08
6.181247905213276681e+02 0.000000000000000000e+00 0.000000000000000000e+00 2.488525785572003910e-07 3.255643355587106219e-08
7.516655771160627637e+02 0.000000000000000000e+00 0.000000000000000000e+00 1.871390926872184586e-07 3.255643355587106219e-08
9.140567543726903068e+02 0.000000000000000000e+00 0.000000000000000000e+00 1.285867234385555565e-07 3.255643355587106219e-08
