2.223062424702014184e+01 0.000000000000000000e+00 0.000000000000000000e+00 1.553612572951713249e-08 2.201089308621697404e-09
2.703336811680613749e+01 0.000000000000000000e+00 0.000000000000000000e+00 1.306744370735300994e-08 2.201089308621697404e-09
3.287370537229559631e+01 0.000000000000000000e+00 0.000000000000000000e+00 1.081992634882648130e-08 2.201089308621697404e-09
3.997579954651146039e+01 0.000000000000000000e+00 0.000000000000000000e+00 8.821943103415798907e-09 2.201089308621697404e-09
4.861224286355134439e+01 0.000000000000000000e+00 0.000000000000000000e+00 7.150659063447891604e-09 2.201089308621697404e-09
5.911451885972652320e+01 0.000000000000000000e+00 0.000000000000000000e+00 5.708637745709811574e-09 2.201089308621697404e-09
7.188572536810676183e+01 0.000000000000000000e+00 0.000000000000000000e+00 4.492075669811526491e-09 2.201089308621697404e-09
8.741604619942908982e+01 0.000000000000000000e+00 0.000000000000000000e+00 3.490874472715827739e-09 2.201089308621697404e-09
1.063015653526535687e+02 0.000000000000000000e+00 0.000000000000000000e+00 2.706793664103364347e-09 2.201089308621697404e-09
1.292671458812591823e+02 0.000000000000000000e+00 0.000000000000000000e+00 2.106974222400438428e-09 2.201089308621697404e-09
1.571942515507803080e+02 0.000000000000000000e+00 0.000000000000000000e+00 1.645141863983552918e-09 2.201089308621697404e-09
1.911547791370583127e+02 0.000000000000000000e+00 0.000000000000000000e+00 1.290562786883158800e-09 2.201089308621697404e-09
2.324521999147883946e+02 0.000000000000000000e+00 0.000000000000000000e+00 1.020603691724291973e-09 2.201089308621697404e-09
2.826715894269234468e+02 0.000000000000000000e+00 0.000000000000000000e+00 8.126685103468507146e-10 2.201089308621697404e-09
3.437404657750449246e+02 0.000000000000000000e+00 0.000000000000000000e+00 6.506499307235028496e-10 2.201089308621697404e-09
4.180027715229267073e+02 0.000000000000000000e+00 0.000000000000000000e+00 5.223493651982170055e-10 2.201089308621697404e-09
5.083088387830212014e+02 0.000000000000000000e+00 0.000000000000000000e+00 4.188165436899063539e-10 2.201089308621697404e-09
6.181247905213276681e+02 0.000000000000000000e+00 0.000000000000000000e+00 3.341860989611591287e-10 2.201089308621697404e-09
7.516655771160627637e+02 0.000000000000000000e+00 0.000000000000000000e+00 2.642868231362721711e-10 2.201089308621697404e-09
9.140567543726903068e+02 0.000000000000000000e+00 0.000000000000000000e+00 2.064609500093955789e-10 2.201089308621697404e-09
