2.223062424702014184e+01 0.000000000000000000e+00 0.000000000000000000e+00 6.810119048393407296e-08 2.200571548280912781e-09
2.703336811680613749e+01 0.000000000000000000e+00 0.000000000000000000e+00 6.339434673552752122e-08 2.200571548280912781e-09
3.287370537229559631e+01 0.000000000000000000e+00 0.000000000000000000e+00 5.761972982395481870e-08 2.200571548280912781e-09
3.997579954651146039e+01 0.000000000000000000e+00 0.000000000000000000e+00 5.109936414603007828e-08 2.200571548280912781e-09
4.861224286355134439e+01 0.000000000000000000e+00 0.000000000000000000e+00 4.424062265320943949e-08 2.200571548280912781e-09
5.911451885972652320e+01 0.000000000000000000e+00 0.000000000000000000e+00 3.747382520596015969e-08 2.200571548280912781e-09
7.188572536810676183e+01 0.000000000000000000e+00 0.000000000000000000e+00 3.117122128081201150e-08 2.200571548280912781e-09
8.741604619942908982e+01 0.000000000000000000e+00 0.000000000000000000e+00 2.557108308415377661e-08 2.200571548280912781e-09
1.063015653526535687e+02 0.000000000000000000e+00 0.000000000000000000e+00 2.073680665087722942e-08 2.200571548280912781e-09
1.292671458812591823e+02 0.000000000000000000e+00 0.000000000000000000e+00 1.660092200315229847e-08 2.200571548280912781e-09
1.571942515507803080e+02 0.000000000000000000e+00 0.000000000000000000e+00 1.306618162628268887e-08 2.200571548280912781e-09
1.911547791370583127e+02 0.000000000000000000e+00 0.000000000000000000e+00 1.010565757445129230e-08 2.200571548280912781e-09
2.324521999147883946e+02 0.000000000000000000e+00 0.000000000000000000e+00 7.746309661267328832e-09 2.200571548280912781e-09
2.826715894269234468e+02 0.000000000000000000e+00 0.000000000000000000e+00 5.948025215623256674e-09 2.200571548280912781e-09
3.437404657750449246e+02 0.000000000000000000e+00 0.000000000000000000e+00 4.571119670271080950e-09 2.200571548280912781e-09
4.180027715229267073e+02 0.000000000000000000e+00 0.000000000000000000e+00 3.511041333528276695e-09 2.200571548280912781e-09
5.083088387830212014e+02 0.000000000000000000e+00 0.000000000000000000e+00 2.715967290098411957e-09 2.200571548280912781e-09
6.181247905213276681e+02 0.000000000000000000e+00 0.000000000000000000e+00 2.113558971490505071e-09 2.200571548280912781e-09
7.516655771160627637e+02 0.000000000000000000e+00 0.000000000000000000e+00 1.654646914335729588e-09 2.200571548280912781e-09
9.140567543726903068e+02 0.000000000000000000e+00 0.000000000000000000e+00 1.302468102409282405e-09 2.200571548280912781e-09
