2.223062424702014184e+01 0.000000000000000000e+00 0.000000000000000000e+00 8.090550499896676972e-09 2.203928896005063733e-09
2.703336811680613749e+01 0.000000000000000000e+00 0.000000000000000000e+00 6.554004831188931221e-09 2.203928896005063733e-09
3.287370537229559631e+01 0.000000000000000000e+00 0.000000000000000000e+00 5.242859426777064009e-09 2.203928896005063733e-09
3.997579954651146039e+01 0.000000000000000000e+00 0.000000000000000000e+00 4.155284912465239245e-09 2.203928896005063733e-09
4.861224286355134439e+01 0.000000000000000000e+00 0.000000000000000000e+00 3.260955550950927355e-09 2.203928896005063733e-09
5.911451885972652320e+01 0.000000000000000000e+00 0.000000000000000000e+00 2.524623777297464247e-09 2.203928896005063733e-09
7.188572536810676183e+01 0.000000000000000000e+00 0.000000000000000000e+00 1.925672644221290233e-09 2.203928896005063733e-09
8.741604619942908982e+01 0.000000000000000000e+00 0.000000000000000000e+00 1.457011970468532061e-09 2.203928896005063733e-09
1.063015653526535687e+02 0.000000000000000000e+00 0.000000000000000000e+00 1.105578530928447257e-09 2.203928896005063733e-09
1.292671458812591823e+02 0.000000000000000000e+00 0.000000000000000000e+00 8.440366728320347721e-10 2.203928896005063733e-09
1.571942515507803080e+02 0.000000000000000000e+00 0.000000000000000000e+00 6.471819256978726642e-10 2.203928896005063733e-09
1.911547791370583127e+02 0.000000000000000000e+00 0.000000000000000000e+00 5.003721141491301878e-10 2.203928896005063733e-09
2.324521999147883946e+02 0.000000000000000000e+00 0.000000000000000000e+00 3.907756588503937120e-10 2.203928896005063733e-09
2.826715894269234468e+02 0.000000000000000000e+00 0.000000000000000000e+00 3.076924001935363157e-10 2.203928896005063733e-09
3.437404657750449246e+02 0.000000000000000000e+00 0.000000000000000000e+00 2.438182550725677525e-10 2.203928896005063733e-09
4.180027715229267073e+02 0.000000000000000000e+00 0.000000000000000000e+00 1.939491199450874299e-10 2.203928896005063733e-09
5.083088387830212014e+02 0.000000000000000000e+00 0.000000000000000000e+00 1.542067731916420523e-10 2.203928896005063733e-09
6.181247905213276681e+02 0.000000000000000000e+00 0.000000000000000000e+00 1.220290846751337059e-10 2.203928896005063733e-09
7.516655771160627637e+02 0.000000000000000000e+00 0.000000000000000000e+00 9.588906339530808950e-11 2.203928896005063733e-09
9.140567543726903068e+02 0.000000000000000000e+00 0.000000000000000000e+00 7.452634649574301292e-11 2.203928896005063733e-09
