2.223062424702014184e+01 0.000000000000000000e+00 0.000000000000000000e+00 1.115006282003033267e-06 3.275507661820245920e-08
2.703336811680613749e+01 0.000000000000000000e+00 0.000000000000000000e+00 1.258865755553344286e-06 3.275507661820245920e-08
3.287370537229559631e+01 0.000000000000000000e+00 0.000000000000000000e+00 1.399470567733465909e-06 3.275507661820245920e-08
3.997579954651146039e+01 0.000000000000000000e+00 0.000000000000000000e+00 1.526911536679459832e-06 3.275507661820245920e-08
4.861224286355134439e+01 0.000000000000000000e+00 0.000000000000000000e+00 1.628249874621907476e-06 3.275507661820245920e-08
5.911451885972652320e+01 0.000000000000000000e+00 0.000000000000000000e+00 1.687748408232135736e-06 3.275507661820245920e-08
7.188572536810676183e+01 0.000000000000000000e+00 0.000000000000000000e+00 1.688706493674207279e-06 3.275507661820245920e-08
8.741604619942908982e+01 0.000000000000000000e+00 0.000000000000000000e+00 1.617870227102051691e-06 3.275507661820245920e-08
1.063015653526535687e+02 0.000000000000000000e+00 0.000000000000000000e+00 1.473332730230000655e-06 3.275507661820245920e-08
1.292671458812591823e+02 0.000000000000000000e+00 0.000000000000000000e+00 1.274084466311133610e-06 3.275507661820245920e-08
1.571942515507803080e+02 0.000000000000000000e+00 0.000000000000000000e+00 1.062416976119167102e-06 3.275507661820245920e-08
1.911547791370583127e+02 0.000000000000000000e+00 0.000000000000000000e+00 8.875440866037224328e-07 3.275507661820245920e-08
2.324521999147883946e+02 0.000000000000000000e+00 0.000000000000000000e+00 7.670826822958152439e-07 3.275507661820245920e-08
2.826715894269234468e+02 0.000000000000000000e+00 0.000000000000000000e+00 6.556323648696236346e-07 3.275507661820245920e-08
3.437404657750449246e+02 0.000000000000000000e+00 0.000000000000000000e+00 4.999924453924031479e-07 3.275507661820245920e-08
4.180027715229267073e+02 0.000000000000000000e+00 0.000000000000000000e+00 3.612449450139034789e-07 3.275507661820245920e-08
5.083088387830212014e+02 0.000000000000000000e+00 0.000000000000000000e+00 2.901671231232260915e-07 3.275507661820245920e-08
6.181247905213276681e+02 0.000000000000000000e+00 0.000000000000000000e+00 2.084654285764877900e-07 3.275507661820245920e-08
7.516655771160627637e+02 0.000000000000000000e+00 0.000000000000000000e+00 1.539877764307742195e-07 3.275507661820245920e-08
9.140567543726903068e+02 0.000000000000000000e+00 0.000000000000000000e+00 1.093669942558724081e-07 3.275507661820245920e-08
