2.223062424702014184e+01 0.000000000000000000e+00 0.000000000000000000e+00 2.286322178924089044e-08 2.201011595744537622e-09
2.703336811680613749e+01 0.000000000000000000e+00 0.000000000000000000e+00 1.958680768867212402e-08 2.201011595744537622e-09
3.287370537229559631e+01 0.000000000000000000e+00 0.000000000000000000e+00 1.637760970193881124e-08 2.201011595744537622e-09
3.997579954651146039e+01 0.000000000000000000e+00 0.000000000000000000e+00 1.340910193134900095e-08 2.201011595744537622e-09
4.861224286355134439e+01 0.000000000000000000e+00 0.000000000000000000e+00 1.080357811235154843e-08 2.201011595744537622e-09
5.911451885972652320e+01 0.000000000000000000e+00 0.000000000000000000e+00 8.609124589612336552e-09 2.201011595744537622e-09
7.188572536810676183e+01 0.000000000000000000e+00 0.000000000000000000e+00 6.800415670183335814e-09 2.201011595744537622e-09
8.741604619942908982e+01 0.000000000000000000e+00 0.000000000000000000e+00 5.310221969780185209e-09 2.201011595744537622e-09
1.063015653526535687e+02 0.000000000000000000e+00 0.000000000000000000e+00 4.078121815358195567e-09 2.201011595744537622e-09
1.292671458812591823e+02 0.000000000000000000e+00 0.000000000000000000e+00 3.081415934817690305e-09 2.201011595744537622e-09
1.571942515507803080e+02 0.000000000000000000e+00 0.000000000000000000e+00 2.316369250192539630e-09 2.201011595744537622e-09
1.911547791370583127e+02 0.000000000000000000e+00 0.000000000000000000e+00 1.751200728062341261e-09 2.201011595744537622e-09
2.324521999147883946e+02 0.000000000000000000e+00 0.000000000000000000e+00 1.327851244993787444e-09 2.201011595744537622e-09
2.826715894269234468e+02 0.000000000000000000e+00 0.000000000000000000e+00 1.009643743126726123e-09 2.201011595744537622e-09
3.437404657750449246e+02 0.000000000000000000e+00 0.000000000000000000e+00 7.753351880285271029e-10 2.201011595744537622e-09
4.180027715229267073e+02 0.000000000000000000e+00 0.000000000000000000e+00 6.003652798391273613e-10 2.201011595744537622e-09
5.083088387830212014e+02 0.000000000000000000e+00 0.000000000000000000e+00 4.687621693687803269e-10 2.201011595744537622e-09
6.181247905213276681e+02 0.000000000000000000e+00 0.000000000000000000e+00 3.681808143686006572e-10 2.201011595744537622e-09
7.516655771160627637e+02 0.000000000000000000e+00 0.000000000000000000e+00 2.900478825180631156e-10 2.201011595744537622e-09
9.140567543726903068e+02 0.000000000000000000e+00 0.000000000000000000e+00 2.285359668406534502e-10 2.201011595744537622e-09
