2.223062424702014184e+01 0.000000000000000000e+00 0.000000000000000000e+00 4.067452010219122740e-08 2.200899750922890830e-09
2.703336811680613749e+01 0.000000000000000000e+00 0.000000000000000000e+00 3.606335196182571707e-08 2.200899750922890830e-09
3.287370537229559631e+01 0.000000000000000000e+00 0.000000000000000000e+00 3.116166224297619476e-08 2.200899750922890830e-09
3.997579954651146039e+01 0.000000000000000000e+00 0.000000000000000000e+00 2.626013678168624985e-08 2.200899750922890830e-09
4.861224286355134439e+01 0.000000000000000000e+00 0.000000000000000000e+00 2.163856793425964612e-08 2.200899750922890830e-09
5.911451885972652320e+01 0.000000000000000000e+00 0.000000000000000000e+00 1.751364024715840216e-08 2.200899750922890830e-09
7.188572536810676183e+01 0.000000000000000000e+00 0.000000000000000000e+00 1.399678419765663064e-08 2.200899750922890830e-09
8.741604619942908982e+01 0.000000000000000000e+00 0.000000000000000000e+00 1.109103107364370115e-08 2.200899750922890830e-09
1.063015653526535687e+02 0.000000000000000000e+00 0.000000000000000000e+00 8.695025767800172600e-09 2.200899750922890830e-09
1.292671458812591823e+02 0.000000000000000000e+00 0.000000000000000000e+00 6.710896780075336492e-09 2.200899750922890830e-09
1.571942515507803080e+02 0.000000000000000000e+00 0.000000000000000000e+00 5.077967508130401690e-09 2.200899750922890830e-09
1.911547791370583127e+02 0.000000000000000000e+00 0.000000000000000000e+00 3.813726825094352815e-09 2.200899750922890830e-09
2.324521999147883946e+02 0.000000000000000000e+00 0.000000000000000000e+00 2.868719409747412183e-09 2.200899750922890830e-09
2.826715894269234468e+02 0.000000000000000000e+00 0.000000000000000000e+00 2.167030257003343049e-09 2.200899750922890830e-09
3.437404657750449246e+02 0.000000000000000000e+00 0.000000000000000000e+00 1.636700861419197757e-09 2.200899750922890830e-09
4.180027715229267073e+02 0.000000000000000000e+00 0.000000000000000000e+00 1.245931186303230565e-09 2.200899750922890830e-09
5.083088387830212014e+02 0.000000000000000000e+00 0.000000000000000000e+00 9.564117191259577643e-10 2.200899750922890830e-09
6.181247905213276681e+02 0.000000000000000000e+00 0.000000000000000000e+00 7.400575395460708125e-10 2.200899750922890830e-09
7.516655771160627637e+02 0.000000000000000000e+00 0.000000000000000000e+00 5.765992247321951227e-10 2.200899750922890830e-09
9.140567543726903068e+02 0.000000000000000000e+00 0.000000000000000000e+00 4.511962148499159321e-10 2.200899750922890830e-09
