2.223062424702014184e+01 0.000000000000000000e+00 0.000000000000000000e+00 5.306157356612737082e-07 0.000000000000000000e+00
2.703336811680613749e+01 0.000000000000000000e+00 0.000000000000000000e+00 5.489504736003217609e-07 0.000000000000000000e+00
3.287370537229559631e+01 0.000000000000000000e+00 0.000000000000000000e+00 5.474515614929691452e-07 0.000000000000000000e+00
3.997579954651146039e+01 0.000000000000000000e+00 0.000000000000000000e+00 5.224090538189405535e-07 0.000000000000000000e+00
4.861224286355134439e+01 0.000000000000000000e+00 0.000000000000000000e+00 4.747194375618029413e-07 0.000000000000000000e+00
5.911451885972652320e+01 0.000000000000000000e+00 0.000000000000000000e+00 4.124664929803673354e-07 0.000000000000000000e+00
7.188572536810676183e+01 0.000000000000000000e+00 0.000000000000000000e+00 3.498150098631968693e-07 0.000000000000000000e+00
8.741604619942908982e+01 0.000000000000000000e+00 0.000000000000000000e+00 2.992860263645362583e-07 0.000000000000000000e+00
1.063015653526535687e+02 0.000000000000000000e+00 0.000000000000000000e+00 2.599893750304867771e-07 0.000000000000000000e+00
1.292671458812591823e+02 0.000000000000000000e+00 0.000000000000000000e+00 2.167445867653872628e-07 0.000000000000000000e+00
1.571942515507803080e+02 0.000000000000000000e+00 0.000000000000000000e+00 1.657029208154196519e-07 0.000000000000000000e+00
1.911547791370583127e+02 0.000000000000000000e+00 0.000000000000000000e+00 1.269880864100071117e-07 0.000000000000000000e+00
2.324521999147883946e+02 0.000000000000000000e+00 0.000000000000000000e+00 1.011737994569433736e-07 0.000000000000000000e+00
2.826715894269234468e+02 0.000000000000000000e+00 0.000000000000000000e+00 7.568750387074819515e-08 0.000000000000000000e+00
3.437404657750449246e+02 0.000000000000000000e+00 0.000000000000000000e+00 5.801098990345191490e-08 0.000000000000000000e+00
4.180027715229267073e+02 0.000000000000000000e+00 0.000000000000000000e+00 4.393268760185316919e-08 0.000000000000000000e+00
5.083088387830212014e+02 0.000000000000000000e+00 0.000000000000000000e+00 3.371027796191110356e-08 0.000000000000000000e+00
6.181247905213276681e+02 0.000000000000000000e+00 0.000000000000000000e+00 2.608780673403854639e-08 0.000000000000000000e+00
7.516655771160627637e+02 0.000000000000000000e+00 0.000000000000000000e+00 2.047512806236407872e-08 0.000000000000000000e+00
9.140567543726903068e+02 0.000000000000000000e+00 0.000000000000000000e+00 1.630439458485648193e-08 0.000000000000000000e+00
