2.223062424702014184e+01 0.000000000000000000e+00 0.000000000000000000e+00 9.274272135434757989e-06 3.255934313231564608e-08
2.703336811680613749e+01 0.000000000000000000e+00 0.000000000000000000e+00 9.548362602327841985e-06 3.255934313231564608e-08
3.287370537229559631e+01 0.000000000000000000e+00 0.000000000000000000e+00 9.524236681460748424e-06 3.255934313231564608e-08
3.997579954651146039e+01 0.000000000000000000e+00 0.000000000000000000e+00 9.140630477687211074e-06 3.255934313231564608e-08
4.861224286355134439e+01 0.000000000000000000e+00 0.000000000000000000e+00 8.374462525385773892e-06 3.255934313231564608e-08
5.911451885972652320e+01 0.000000000000000000e+00 0.000000000000000000e+00 7.276720153252362328e-06 3.255934313231564608e-08
7.188572536810676183e+01 0.000000000000000000e+00 0.000000000000000000e+00 6.004805518768715846e-06 3.255934313231564608e-08
8.741604619942908982e+01 0.000000000000000000e+00 0.000000000000000000e+00 4.800945721323244080e-06 3.255934313231564608e-08
1.063015653526535687e+02 0.000000000000000000e+00 0.000000000000000000e+00 3.887458415633563781e-06 3.255934313231564608e-08
1.292671458812591823e+02 0.000000000000000000e+00 0.000000000000000000e+00 3.287841624115564834e-06 3.255934313231564608e-08
1.571942515507803080e+02 0.000000000000000000e+00 0.000000000000000000e+00 2.738352745395749792e-06 3.255934313231564608e-08
1.911547791370583127e+02 0.000000000000000000e+00 0.000000000000000000e+00 2.013711935628252042e-06 3.255934313231564608e-08
2.324521999147883946e+02 0.000000000000000000e+00 0.000000000000000000e+00 1.419840002109674244e-06 3.255934313231564608e-08
2.826715894269234468e+02 0.000000000000000000e+00 0.000000000000000000e+00 1.127506136434414640e-06 3.255934313231564608e-08
3.437404657750449246e+02 0.000000000000000000e+00 0.000000000000000000e+00 7.982776005264359543e-07 3.255934313231564608e-08
4.180027715229267073e+02 0.000000000000000000e+00 0.000000000000000000e+00 5.858866750661793422e-07 3.255934313231564608e-08
5.083088387830212014e+02 0.000000000000000000e+00 0.000000000000000000e+00 4.181538277296292916e-07 3.255934313231564608e-08
6.181247905213276681e+02 0.000000000000000000e+00 0.000000000000000000e+00 3.049026732936780148e-07 3.255934313231564608e-08
7.516655771160627637e+02 0.000000000000000000e+00 0.000000000000000000e+00 2.213878652963549743e-07 3.255934313231564608e-08
9.140567543726903068e+02 0.000000000000000000e+00 0.000000000000000000e+00 1.625023564373852907e-07 3.255934313231564608e-08
