2.223062424702014184e+01 0.000000000000000000e+00 0.000000000000000000e+00 3.091606144137448906e-06 3.255283355445135942e-08
2.703336811680613749e+01 0.000000000000000000e+00 0.000000000000000000e+00 3.447077183745482934e-06 3.255283355445135942e-08
3.287370537229559631e+01 0.000000000000000000e+00 0.000000000000000000e+00 3.774398839661260351e-06 3.255283355445135942e-08
3.997579954651146039e+01 0.000000000000000000e+00 0.000000000000000000e+00 4.042488779824831262e-06 3.255283355445135942e-08
4.861224286355134439e+01 0.000000000000000000e+00 0.000000000000000000e+00 4.212863816242634247e-06 3.255283355445135942e-08
5.911451885972652320e+01 0.000000000000000000e+00 0.000000000000000000e+00 4.243346032143187322e-06 3.255283355445135942e-08
7.188572536810676183e+01 0.000000000000000000e+00 0.000000000000000000e+00 4.097786919591398883e-06 3.255283355445135942e-08
8.741604619942908982e+01 0.000000000000000000e+00 0.000000000000000000e+00 3.764414598047172668e-06 3.255283355445135942e-08
1.063015653526535687e+02 0.000000000000000000e+00 0.000000000000000000e+00 3.280000722014085113e-06 3.255283355445135942e-08
1.292671458812591823e+02 0.000000000000000000e+00 0.000000000000000000e+00 2.742664706920707550e-06 3.255283355445135942e-08
1.571942515507803080e+02 0.000000000000000000e+00 0.000000000000000000e+00 2.280700281704371947e-06 3.255283355445135942e-08
1.911547791370583127e+02 0.000000000000000000e+00 0.000000000000000000e+00 1.961262910115839903e-06 3.255283355445135942e-08
2.324521999147883946e+02 0.000000000000000000e+00 0.000000000000000000e+00 1.696892332867454421e-06 3.255283355445135942e-08
2.826715894269234468e+02 0.000000000000000000e+00 0.000000000000000000e+00 1.324339556193980381e-06 3.255283355445135942e-08
3.437404657750449246e+02 0.000000000000000000e+00 0.000000000000000000e+00 9.452337601277783431e-07 3.255283355445135942e-08
4.180027715229267073e+02 0.000000000000000000e+00 0.000000000000000000e+00 7.572743467815476056e-07 3.255283355445135942e-08
5.083088387830212014e+02 0.000000000000000000e+00 0.000000000000000000e+00 5.607542191011755909e-07 3.255283355445135942e-08
6.181247905213276681e+02 0.000000000000000000e+00 0.000000000000000000e+00 4.076523379181832198e-07 3.255283355445135942e-08
7.516655771160627637e+02 0.000000000000000000e+00 0.000000000000000000e+00 2.958247234982427705e-07 3.255283355445135942e-08
9.140567543726903068e+02 0.000000000000000000e+00 0.000000000000000000e+00 2.168025731871156384e-07 3.255283355445135942e-08
