2.223062424702014184e+01 0.000000000000000000e+00 0.000000000000000000e+00 3.162052046685207374e-10 0.000000000000000000e+00
2.703336811680613749e+01 0.000000000000000000e+00 0.000000000000000000e+00 3.459262701595296329e-10 0.000000000000000000e+00
3.287370537229559631e+01 0.000000000000000000e+00 0.000000000000000000e+00 3.701191667226829445e-10 0.000000000000000000e+00
3.997579954651146039e+01 0.000000000000000000e+00 0.000000000000000000e+00 3.851848455420589841e-10 0.000000000000000000e+00
4.861224286355134439e+01 0.000000000000000000e+00 0.000000000000000000e+00 3.872836608419368932e-10 0.000000000000000000e+00
5.911451885972652320e+01 0.000000000000000000e+00 0.000000000000000000e+00 3.731510597572472183e-10 0.000000000000000000e+00
7.188572536810676183e+01 0.000000000000000000e+00 0.000000000000000000e+00 3.418858485107596545e-10 0.000000000000000000e+00
8.741604619942908982e+01 0.000000000000000000e+00 0.000000000000000000e+00 2.970003814433793441e-10 0.000000000000000000e+00
1.063015653526535687e+02 0.000000000000000000e+00 0.000000000000000000e+00 2.477781849492178074e-10 0.000000000000000000e+00
1.292671458812591823e+02 0.000000000000000000e+00 0.000000000000000000e+00 2.060548498079316314e-10 0.000000000000000000e+00
1.571942515507803080e+02 0.000000000000000000e+00 0.000000000000000000e+00 1.776000324307763326e-10 0.000000000000000000e+00
1.911547791370583127e+02 0.000000000000000000e+00 0.000000000000000000e+00 1.536114334346241069e-10 0.000000000000000000e+00
2.324521999147883946e+02 0.000000000000000000e+00 0.000000000000000000e+00 1.190020438034364700e-10 0.000000000000000000e+00
2.826715894269234468e+02 0.000000000000000000e+00 0.000000000000000000e+00 8.482928501698214749e-11 0.000000000000000000e+00
3.437404657750449246e+02 0.000000000000000000e+00 0.000000000000000000e+00 6.885014256586869099e-11 0.000000000000000000e+00
4.180027715229267073e+02 0.000000000000000000e+00 0.000000000000000000e+00 5.045710534187177171e-11 0.000000000000000000e+00
5.083088387830212014e+02 0.000000000000000000e+00 0.000000000000000000e+00 3.735674740080594902e-11 0.000000000000000000e+00
6.181247905213276681e+02 0.000000000000000000e+00 0.000000000000000000e+00 2.700804207993312795e-11 0.000000000000000000e+00
7.516655771160627637e+02 0.000000000000000000e+00 0.000000000000000000e+00 2.017218638719365624e-11 0.000000000000000000e+00
9.140567543726903068e+02 0.000000000000000000e+00 0.000000000000000000e+00 1.479727219156118949e-11 0.000000000000000000e+00
