2.223062424702014184e+01 0.000000000000000000e+00 0.000000000000000000e+00 3.606036053187288770e-08 2.200899750922890830e-09
2.703336811680613749e+01 0.000000000000000000e+00 0.000000000000000000e+00 3.196128471759240502e-08 2.200899750922890830e-09
3.287370537229559631e+01 0.000000000000000000e+00 0.000000000000000000e+00 2.760725787099891683e-08 2.200899750922890830e-09
3.997579954651146039e+01 0.000000000000000000e+00 0.000000000000000000e+00 2.325652033418686056e-08 2.200899750922890830e-09
4.861224286355134439e+01 0.000000000000000000e+00 0.000000000000000000e+00 1.915714602372763382e-08 2.200899750922890830e-09
5.911451885972652320e+01 0.000000000000000000e+00 0.000000000000000000e+00 1.550065838685263709e-08 2.200899750922890830e-09
7.188572536810676183e+01 0.000000000000000000e+00 0.000000000000000000e+00 1.238469423996260237e-08 2.200899750922890830e-09
8.741604619942908982e+01 0.000000000000000000e+00 0.000000000000000000e+00 9.810071162362444389e-09 2.200899750922890830e-09
1.063015653526535687e+02 0.000000000000000000e+00 0.000000000000000000e+00 7.688081212886355758e-09 2.200899750922890830e-09
1.292671458812591823e+02 0.000000000000000000e+00 0.000000000000000000e+00 5.930116728285102702e-09 2.200899750922890830e-09
1.571942515507803080e+02 0.000000000000000000e+00 0.000000000000000000e+00 4.490124964738623221e-09 2.200899750922890830e-09
1.911547791370583127e+02 0.000000000000000000e+00 0.000000000000000000e+00 3.365197804730736130e-09 2.200899750922890830e-09
2.324521999147883946e+02 0.000000000000000000e+00 0.000000000000000000e+00 2.529567444926279674e-09 2.200899750922890830e-09
2.826715894269234468e+02 0.000000000000000000e+00 0.000000000000000000e+00 1.909047584537097771e-09 2.200899750922890830e-09
3.437404657750449246e+02 0.000000000000000000e+00 0.000000000000000000e+00 1.440316471851329098e-09 2.200899750922890830e-09
4.180027715229267073e+02 0.000000000000000000e+00 0.000000000000000000e+00 1.095296489082339901e-09 2.200899750922890830e-09
5.083088387830212014e+02 0.000000000000000000e+00 0.000000000000000000e+00 8.398383564010598893e-10 2.200899750922890830e-09
6.181247905213276681e+02 0.000000000000000000e+00 0.000000000000000000e+00 6.491729845254504150e-10 2.200899750922890830e-09
7.516655771160627637e+02 0.000000000000000000e+00 0.000000000000000000e+00 5.053028484449301039e-10 2.200899750922890830e-09
9.140567543726903068e+02 0.000000000000000000e+00 0.000000000000000000e+00 3.950819642254699611e-10 2.200899750922890830e-09
