2.223062424702014184e+01 0.000000000000000000e+00 0.000000000000000000e+00 2.607503361269304296e-05 3.255543861894823311e-08
2.703336811680613749e+01 0.000000000000000000e+00 0.000000000000000000e+00 2.361589407852739345e-05 3.255543861894823311e-08
3.287370537229559631e+01 0.000000000000000000e+00 0.000000000000000000e+00 2.033472545056560888e-05 3.255543861894823311e-08
3.997579954651146039e+01 0.000000000000000000e+00 0.000000000000000000e+00 1.673508453207391832e-05 3.255543861894823311e-08
4.861224286355134439e+01 0.000000000000000000e+00 0.000000000000000000e+00 1.347043069707045757e-05 3.255543861894823311e-08
5.911451885972652320e+01 0.000000000000000000e+00 0.000000000000000000e+00 1.099719925327182565e-05 3.255543861894823311e-08
7.188572536810676183e+01 0.000000000000000000e+00 0.000000000000000000e+00 9.196907594066100974e-06 3.255543861894823311e-08
8.741604619942908982e+01 0.000000000000000000e+00 0.000000000000000000e+00 7.454150672732625402e-06 3.255543861894823311e-08
1.063015653526535687e+02 0.000000000000000000e+00 0.000000000000000000e+00 5.537640243766917721e-06 3.255543861894823311e-08
1.292671458812591823e+02 0.000000000000000000e+00 0.000000000000000000e+00 4.035076479662520833e-06 3.255543861894823311e-08
1.571942515507803080e+02 0.000000000000000000e+00 0.000000000000000000e+00 3.092702519973563555e-06 3.255543861894823311e-08
1.911547791370583127e+02 0.000000000000000000e+00 0.000000000000000000e+00 2.267844557667300044e-06 3.255543861894823311e-08
2.324521999147883946e+02 0.000000000000000000e+00 0.000000000000000000e+00 1.660839012328112510e-06 3.255543861894823311e-08
2.826715894269234468e+02 0.000000000000000000e+00 0.000000000000000000e+00 1.226161861489220227e-06 3.255543861894823311e-08
3.437404657750449246e+02 0.000000000000000000e+00 0.000000000000000000e+00 9.093065016851891913e-07 3.255543861894823311e-08
4.180027715229267073e+02 0.000000000000000000e+00 0.000000000000000000e+00 6.823314335228475041e-07 3.255543861894823311e-08
5.083088387830212014e+02 0.000000000000000000e+00 0.000000000000000000e+00 5.198344838538821878e-07 3.255543861894823311e-08
6.181247905213276681e+02 0.000000000000000000e+00 0.000000000000000000e+00 4.022801329017800503e-07 3.255543861894823311e-08
7.516655771160627637e+02 0.000000000000000000e+00 0.000000000000000000e+00 3.158109492948119035e-07 3.255543861894823311e-08
9.140567543726903068e+02 0.000000000000000000e+00 0.000000000000000000e+00 2.506725781695199746e-07 3.255543861894823311e-08
