2.223062424702014184e+01 0.000000000000000000e+00 0.000000000000000000e+00 5.324393204984059713e-06 3.257377221019388392e-08
2.703336811680613749e+01 0.000000000000000000e+00 0.000000000000000000e+00 5.702773607677186251e-06 3.257377221019388392e-08
3.287370537229559631e+01 0.000000000000000000e+00 0.000000000000000000e+00 5.963294783126520851e-06 3.257377221019388392e-08
3.997579954651146039e+01 0.000000000000000000e+00 0.000000000000000000e+00 6.059632244361747488e-06 3.257377221019388392e-08
4.861224286355134439e+01 0.000000000000000000e+00 0.000000000000000000e+00 5.947293593331868095e-06 3.257377221019388392e-08
5.911451885972652320e+01 0.000000000000000000e+00 0.000000000000000000e+00 5.595440012635364198e-06 3.257377221019388392e-08
7.188572536810676183e+01 0.000000000000000000e+00 0.000000000000000000e+00 5.007270734785536065e-06 3.257377221019388392e-08
8.741604619942908982e+01 0.000000000000000000e+00 0.000000000000000000e+00 4.243329885942950515e-06 3.257377221019388392e-08
1.063015653526535687e+02 0.000000000000000000e+00 0.000000000000000000e+00 3.432746025311700247e-06 3.257377221019388392e-08
1.292671458812591823e+02 0.000000000000000000e+00 0.000000000000000000e+00 2.740376728359308327e-06 3.257377221019388392e-08
1.571942515507803080e+02 0.000000000000000000e+00 0.000000000000000000e+00 2.265383504918139913e-06 3.257377221019388392e-08
1.911547791370583127e+02 0.000000000000000000e+00 0.000000000000000000e+00 1.936036086657407265e-06 3.257377221019388392e-08
2.324521999147883946e+02 0.000000000000000000e+00 0.000000000000000000e+00 1.536086339544452549e-06 3.257377221019388392e-08
2.826715894269234468e+02 0.000000000000000000e+00 0.000000000000000000e+00 1.066603266822457210e-06 3.257377221019388392e-08
3.437404657750449246e+02 0.000000000000000000e+00 0.000000000000000000e+00 8.004089020624939776e-07 3.257377221019388392e-08
4.180027715229267073e+02 0.000000000000000000e+00 0.000000000000000000e+00 6.211720026377216356e-07 3.257377221019388392e-08
5.083088387830212014e+02 0.000000000000000000e+00 0.000000000000000000e+00 4.234633036094358368e-07 3.257377221019388392e-08
6.181247905213276681e+02 0.000000000000000000e+00 0.000000000000000000e+00 3.168488944272391237e-07 3.257377221019388392e-08
7.516655771160627637e+02 0.000000000000000000e+00 0.000000000000000000e+00 2.241446558147033331e-07 3.257377221019388392e-08
9.140567543726903068e+02 0.000000000000000000e+00 0.000000000000000000e+00 1.599238775065734808e-07 3.257377221019388392e-08
