2.223062424702014184e+01 0.000000000000000000e+00 0.000000000000000000e+00 1.552508146920408860e-05 3.255903661931770703e-08
2.703336811680613749e+01 0.000000000000000000e+00 0.000000000000000000e+00 1.597302586772653417e-05 3.255903661931770703e-08
3.287370537229559631e+01 0.000000000000000000e+00 0.000000000000000000e+00 1.583778883919938993e-05 3.255903661931770703e-08
3.997579954651146039e+01 0.000000000000000000e+00 0.000000000000000000e+00 1.501334604865740267e-05 3.255903661931770703e-08
4.861224286355134439e+01 0.000000000000000000e+00 0.000000000000000000e+00 1.351975666534614378e-05 3.255903661931770703e-08
5.911451885972652320e+01 0.000000000000000000e+00 0.000000000000000000e+00 1.158529126160850870e-05 3.255903661931770703e-08
7.188572536810676183e+01 0.000000000000000000e+00 0.000000000000000000e+00 9.635269880312234027e-06 3.255903661931770703e-08
8.741604619942908982e+01 0.000000000000000000e+00 0.000000000000000000e+00 8.090496881552698203e-06 3.255903661931770703e-08
1.063015653526535687e+02 0.000000000000000000e+00 0.000000000000000000e+00 7.002317771245443095e-06 3.255903661931770703e-08
1.292671458812591823e+02 0.000000000000000000e+00 0.000000000000000000e+00 5.885525633742628449e-06 3.255903661931770703e-08
1.571942515507803080e+02 0.000000000000000000e+00 0.000000000000000000e+00 4.430891317372084586e-06 3.255903661931770703e-08
1.911547791370583127e+02 0.000000000000000000e+00 0.000000000000000000e+00 3.289120979978970993e-06 3.255903661931770703e-08
2.324521999147883946e+02 0.000000000000000000e+00 0.000000000000000000e+00 2.642968288716674251e-06 3.255903661931770703e-08
2.826715894269234468e+02 0.000000000000000000e+00 0.000000000000000000e+00 1.925381304787415981e-06 3.255903661931770703e-08
3.437404657750449246e+02 0.000000000000000000e+00 0.000000000000000000e+00 1.465358448621164434e-06 3.255903661931770703e-08
4.180027715229267073e+02 0.000000000000000000e+00 0.000000000000000000e+00 1.085495823219687962e-06 3.255903661931770703e-08
5.083088387830212014e+02 0.000000000000000000e+00 0.000000000000000000e+00 8.217195360409873285e-07 3.255903661931770703e-08
6.181247905213276681e+02 0.000000000000000000e+00 0.000000000000000000e+00 6.256313609572536733e-07 3.255903661931770703e-08
7.516655771160627637e+02 0.000000000000000000e+00 0.000000000000000000e+00 4.831723578859496427e-07 3.255903661931770703e-08
9.140567543726903068e+02 0.000000000000000000e+00 0.000000000000000000e+00 3.790667139729056497e-07 3.255903661931770703e-08
