2.223062424702014184e+01 0.000000000000000000e+00 0.000000000000000000e+00 2.888622490002530404e-05 3.255543861894823311e-08
2.703336811680613749e+01 0.000000000000000000e+00 0.000000000000000000e+00 2.619810171766256117e-05 3.255543861894823311e-08
3.287370537229559631e+01 0.000000000000000000e+00 0.000000000000000000e+00 2.259152095242012942e-05 3.255543861894823311e-08
3.997579954651146039e+01 0.000000000000000000e+00 0.000000000000000000e+00 1.861589532382141275e-05 3.255543861894823311e-08
4.861224286355134439e+01 0.000000000000000000e+00 0.000000000000000000e+00 1.499042905843558059e-05 3.255543861894823311e-08
5.911451885972652320e+01 0.000000000000000000e+00 0.000000000000000000e+00 1.222969264520088010e-05 3.255543861894823311e-08
7.188572536810676183e+01 0.000000000000000000e+00 0.000000000000000000e+00 1.022324580046485668e-05 3.255543861894823311e-08
8.741604619942908982e+01 0.000000000000000000e+00 0.000000000000000000e+00 8.305255155082572985e-06 3.255543861894823311e-08
1.063015653526535687e+02 0.000000000000000000e+00 0.000000000000000000e+00 6.197077549738777171e-06 3.255543861894823311e-08
1.292671458812591823e+02 0.000000000000000000e+00 0.000000000000000000e+00 4.521530496919934865e-06 3.255543861894823311e-08
1.571942515507803080e+02 0.000000000000000000e+00 0.000000000000000000e+00 3.470286692105611508e-06 3.255543861894823311e-08
1.911547791370583127e+02 0.000000000000000000e+00 0.000000000000000000e+00 2.561494996057451717e-06 3.255543861894823311e-08
2.324521999147883946e+02 0.000000000000000000e+00 0.000000000000000000e+00 1.884160033984723942e-06 3.255543861894823311e-08
2.826715894269234468e+02 0.000000000000000000e+00 0.000000000000000000e+00 1.401773155675431478e-06 3.255543861894823311e-08
3.437404657750449246e+02 0.000000000000000000e+00 0.000000000000000000e+00 1.047994900616993506e-06 3.255543861894823311e-08
4.180027715229267073e+02 0.000000000000000000e+00 0.000000000000000000e+00 7.939621137203056338e-07 3.255543861894823311e-08
5.083088387830212014e+02 0.000000000000000000e+00 0.000000000000000000e+00 6.109194173376649959e-07 3.255543861894823311e-08
6.181247905213276681e+02 0.000000000000000000e+00 0.000000000000000000e+00 4.773423253476786242e-07 3.255543861894823311e-08
7.516655771160627637e+02 0.000000000000000000e+00 0.000000000000000000e+00 3.779561236308319656e-07 3.255543861894823311e-08
9.140567543726903068e+02 0.000000000000000000e+00 0.000000000000000000e+00 3.020474400096954164e-07 3.255543861894823311e-08
