2.223062424702014184e+01 0.000000000000000000e+00 4.531723085538157975e-11 4.516925321769447195e-11 0.000000000000000000e+00
2.703336811680613749e+01 0.000000000000000000e+00 4.812571910700174797e-11 4.793594935213611069e-11 0.000000000000000000e+00
3.287370537229559631e+01 0.000000000000000000e+00 4.962481090506387751e-11 4.938880263477733264e-11 0.000000000000000000e+00
3.997579954651146039e+01 0.000000000000000000e+00 4.932471642567463226e-11 4.904330723978661417e-11 0.000000000000000000e+00
4.861224286355134439e+01 0.000000000000000000e+00 4.686657821403773743e-11 4.654965957125305756e-11 0.000000000000000000e+00
5.911451885972652320e+01 0.000000000000000000e+00 4.226979416730576764e-11 4.193980547728857390e-11 0.000000000000000000e+00
7.188572536810676183e+01 0.000000000000000000e+00 3.621476206336047690e-11 3.590424480316825809e-11 0.000000000000000000e+00
8.741604619942908982e+01 0.000000000000000000e+00 3.004718082905979526e-11 2.978451889204904359e-11 0.000000000000000000e+00
1.063015653526535687e+02 0.000000000000000000e+00 2.518286932662366681e-11 2.497215161130924897e-11 0.000000000000000000e+00
1.292671458812591823e+02 0.000000000000000000e+00 2.188865421705828665e-11 2.171061823233835464e-11 0.000000000000000000e+00
1.571942515507803080e+02 0.000000000000000000e+00 1.848477009485340932e-11 1.835913699797213558e-11 0.000000000000000000e+00
1.911547791370583127e+02 0.000000000000000000e+00 1.364862223796488614e-11 1.367284365824154115e-11 0.000000000000000000e+00
2.324521999147883946e+02 0.000000000000000000e+00 9.881409289289074122e-12 1.004850045006228301e-11 0.000000000000000000e+00
2.826715894269234468e+02 0.000000000000000000e+00 8.009404801061026071e-12 8.229179503904874096e-12 0.000000000000000000e+00
3.437404657750449246e+02 0.000000000000000000e+00 5.462446446238096457e-12 5.814126281827961817e-12 0.000000000000000000e+00
4.180027715229267073e+02 0.000000000000000000e+00 4.098154605156520438e-12 4.502177136352229618e-12 0.000000000000000000e+00
5.083088387830212014e+02 0.000000000000000000e+00 2.776051108433704414e-12 3.250291931613423883e-12 0.000000000000000000e+00
6.181247905213276681e+02 0.000000000000000000e+00 1.933475003730526703e-12 2.439493069893136639e-12 0.000000000000000000e+00
7.516655771160627637e+02 0.000000000000000000e+00 1.319818200373328760e-12 1.839849023595261450e-12 0.000000000000000000e+00
9.140567543726903068e+02 0.000000000000000000e+00 8.852347299387312808e-13 1.402514181075167662e-12 0.000000000000000000e+00
