2.223062424702014184e+01 0.000000000000000000e+00 0.000000000000000000e+00 1.646256348677507498e-09 2.238883478603649456e-09
2.703336811680613749e+01 0.000000000000000000e+00 0.000000000000000000e+00 1.290132572277781241e-09 2.238883478603649456e-09
3.287370537229559631e+01 0.000000000000000000e+00 0.000000000000000000e+00 1.000614040684977643e-09 2.238883478603649456e-09
3.997579954651146039e+01 0.000000000000000000e+00 0.000000000000000000e+00 7.682309565603107457e-10 2.238883478603649456e-09
4.861224286355134439e+01 0.000000000000000000e+00 0.000000000000000000e+00 5.860283149639927580e-10 2.238883478603649456e-09
5.911451885972652320e+01 0.000000000000000000e+00 0.000000000000000000e+00 4.471983972330536814e-10 2.238883478603649456e-09
7.188572536810676183e+01 0.000000000000000000e+00 0.000000000000000000e+00 3.432086168824034736e-10 2.238883478603649456e-09
8.741604619942908982e+01 0.000000000000000000e+00 0.000000000000000000e+00 2.652460783699582474e-10 2.238883478603649456e-09
1.063015653526535687e+02 0.000000000000000000e+00 0.000000000000000000e+00 2.065474938944168970e-10 2.238883478603649456e-09
1.292671458812591823e+02 0.000000000000000000e+00 0.000000000000000000e+00 1.622456822540864232e-10 2.238883478603649456e-09
1.571942515507803080e+02 0.000000000000000000e+00 0.000000000000000000e+00 1.283363402560332342e-10 2.238883478603649456e-09
1.911547791370583127e+02 0.000000000000000000e+00 0.000000000000000000e+00 1.022006796326273489e-10 2.238883478603649456e-09
2.324521999147883946e+02 0.000000000000000000e+00 0.000000000000000000e+00 8.148646848605758136e-11 2.238883478603649456e-09
2.826715894269234468e+02 0.000000000000000000e+00 0.000000000000000000e+00 6.489872862499482577e-11 2.238883478603649456e-09
3.437404657750449246e+02 0.000000000000000000e+00 0.000000000000000000e+00 5.139850459043122090e-11 2.238883478603649456e-09
4.180027715229267073e+02 0.000000000000000000e+00 0.000000000000000000e+00 4.038277857957711274e-11 2.238883478603649456e-09
5.083088387830212014e+02 0.000000000000000000e+00 0.000000000000000000e+00 3.137800420526791002e-11 2.238883478603649456e-09
6.181247905213276681e+02 0.000000000000000000e+00 0.000000000000000000e+00 2.404656387475848739e-11 2.238883478603649456e-09
7.516655771160627637e+02 0.000000000000000000e+00 0.000000000000000000e+00 1.814089509916390900e-11 2.238883478603649456e-09
9.140567543726903068e+02 0.000000000000000000e+00 0.000000000000000000e+00 1.345408145575785398e-11 2.238883478603649456e-09
