2.223062424702014184e+01 0.000000000000000000e+00 0.000000000000000000e+00 7.737398201462518488e-06 3.255888593234118926e-08
2.703336811680613749e+01 0.000000000000000000e+00 0.000000000000000000e+00 8.218556662604703693e-06 3.255888593234118926e-08
3.287370537229559631e+01 0.000000000000000000e+00 0.000000000000000000e+00 8.498408100385857362e-06 3.255888593234118926e-08
3.997579954651146039e+01 0.000000000000000000e+00 0.000000000000000000e+00 8.505081178852813326e-06 3.255888593234118926e-08
4.861224286355134439e+01 0.000000000000000000e+00 0.000000000000000000e+00 8.178184782909890378e-06 3.255888593234118926e-08
5.911451885972652320e+01 0.000000000000000000e+00 0.000000000000000000e+00 7.497619920967238205e-06 3.255888593234118926e-08
7.188572536810676183e+01 0.000000000000000000e+00 0.000000000000000000e+00 6.520551434270374286e-06 3.255888593234118926e-08
8.741604619942908982e+01 0.000000000000000000e+00 0.000000000000000000e+00 5.408478280047978443e-06 3.255888593234118926e-08
1.063015653526535687e+02 0.000000000000000000e+00 0.000000000000000000e+00 4.396514416994159980e-06 3.255888593234118926e-08
1.292671458812591823e+02 0.000000000000000000e+00 0.000000000000000000e+00 3.658727355842508131e-06 3.255888593234118926e-08
1.571942515507803080e+02 0.000000000000000000e+00 0.000000000000000000e+00 3.142784923041030117e-06 3.255888593234118926e-08
1.911547791370583127e+02 0.000000000000000000e+00 0.000000000000000000e+00 2.556633552975067018e-06 3.255888593234118926e-08
2.324521999147883946e+02 0.000000000000000000e+00 0.000000000000000000e+00 1.836826743934844702e-06 3.255888593234118926e-08
2.826715894269234468e+02 0.000000000000000000e+00 0.000000000000000000e+00 1.371614393709092929e-06 3.255888593234118926e-08
3.437404657750449246e+02 0.000000000000000000e+00 0.000000000000000000e+00 1.087244285885166337e-06 3.255888593234118926e-08
4.180027715229267073e+02 0.000000000000000000e+00 0.000000000000000000e+00 7.593243726591637692e-07 3.255888593234118926e-08
5.083088387830212014e+02 0.000000000000000000e+00 0.000000000000000000e+00 5.773741508940150133e-07 3.255888593234118926e-08
6.181247905213276681e+02 0.000000000000000000e+00 0.000000000000000000e+00 4.157377246847936245e-07 3.255888593234118926e-08
7.516655771160627637e+02 0.000000000000000000e+00 0.000000000000000000e+00 3.058845675268785609e-07 3.255888593234118926e-08
9.140567543726903068e+02 0.000000000000000000e+00 0.000000000000000000e+00 2.272710280962570290e-07 3.255888593234118926e-08
