2.223062424702014184e+01 0.000000000000000000e+00 0.000000000000000000e+00 4.515304348471889006e-08 2.200766026279077669e-09
2.703336811680613749e+01 0.000000000000000000e+00 0.000000000000000000e+00 4.066647941078620253e-08 2.200766026279077669e-09
3.287370537229559631e+01 0.000000000000000000e+00 0.000000000000000000e+00 3.568323954051532415e-08 2.200766026279077669e-09
3.997579954651146039e+01 0.000000000000000000e+00 0.000000000000000000e+00 3.050815131171031772e-08 2.200766026279077669e-09
4.861224286355134439e+01 0.000000000000000000e+00 0.000000000000000000e+00 2.545044311531516985e-08 2.200766026279077669e-09
5.911451885972652320e+01 0.000000000000000000e+00 0.000000000000000000e+00 2.078833672668653109e-08 2.200766026279077669e-09
7.188572536810676183e+01 0.000000000000000000e+00 0.000000000000000000e+00 1.671390632376299472e-08 2.200766026279077669e-09
8.741604619942908982e+01 0.000000000000000000e+00 0.000000000000000000e+00 1.329690345832734937e-08 2.200766026279077669e-09
1.063015653526535687e+02 0.000000000000000000e+00 0.000000000000000000e+00 1.050295473060481935e-08 2.200766026279077669e-09
1.292671458812591823e+02 0.000000000000000000e+00 0.000000000000000000e+00 8.173113991500594870e-09 2.200766026279077669e-09
1.571942515507803080e+02 0.000000000000000000e+00 0.000000000000000000e+00 6.255295980898008758e-09 2.200766026279077669e-09
1.911547791370583127e+02 0.000000000000000000e+00 0.000000000000000000e+00 4.703476722390873996e-09 2.200766026279077669e-09
2.324521999147883946e+02 0.000000000000000000e+00 0.000000000000000000e+00 3.517052962780168433e-09 2.200766026279077669e-09
2.826715894269234468e+02 0.000000000000000000e+00 0.000000000000000000e+00 2.644454129941131930e-09 2.200766026279077669e-09
3.437404657750449246e+02 0.000000000000000000e+00 0.000000000000000000e+00 1.990280214435969635e-09 2.200766026279077669e-09
4.180027715229267073e+02 0.000000000000000000e+00 0.000000000000000000e+00 1.499421259996304164e-09 2.200766026279077669e-09
5.083088387830212014e+02 0.000000000000000000e+00 0.000000000000000000e+00 1.140395960330625855e-09 2.200766026279077669e-09
6.181247905213276681e+02 0.000000000000000000e+00 0.000000000000000000e+00 8.732737897377659128e-10 2.200766026279077669e-09
7.516655771160627637e+02 0.000000000000000000e+00 0.000000000000000000e+00 6.742254598071096470e-10 2.200766026279077669e-09
9.140567543726903068e+02 0.000000000000000000e+00 0.000000000000000000e+00 5.236159974671914354e-10 2.200766026279077669e-09
