2.223062424702014184e+01 0.000000000000000000e+00 0.000000000000000000e+00 5.498826977897556271e-08 2.200571548280912781e-09
2.703336811680613749e+01 0.000000000000000000e+00 0.000000000000000000e+00 5.035886374956577310e-08 2.200571548280912781e-09
3.287370537229559631e+01 0.000000000000000000e+00 0.000000000000000000e+00 4.498025734545300629e-08 2.200571548280912781e-09
3.997579954651146039e+01 0.000000000000000000e+00 0.000000000000000000e+00 3.915168192396587904e-08 2.200571548280912781e-09
4.861224286355134439e+01 0.000000000000000000e+00 0.000000000000000000e+00 3.322009023243560601e-08 2.200571548280912781e-09
5.911451885972652320e+01 0.000000000000000000e+00 0.000000000000000000e+00 2.753143039396113324e-08 2.200571548280912781e-09
7.188572536810676183e+01 0.000000000000000000e+00 0.000000000000000000e+00 2.237981254850941213e-08 2.200571548280912781e-09
8.741604619942908982e+01 0.000000000000000000e+00 0.000000000000000000e+00 1.793916341181694854e-08 2.200571548280912781e-09
1.063015653526535687e+02 0.000000000000000000e+00 0.000000000000000000e+00 1.424017034414421407e-08 2.200571548280912781e-09
1.292671458812591823e+02 0.000000000000000000e+00 0.000000000000000000e+00 1.119383807028512024e-08 2.200571548280912781e-09
1.571942515507803080e+02 0.000000000000000000e+00 0.000000000000000000e+00 8.670127708977346741e-09 2.200571548280912781e-09
1.911547791370583127e+02 0.000000000000000000e+00 0.000000000000000000e+00 6.586000741679006030e-09 2.200571548280912781e-09
2.324521999147883946e+02 0.000000000000000000e+00 0.000000000000000000e+00 4.929319217889410961e-09 2.200571548280912781e-09
2.826715894269234468e+02 0.000000000000000000e+00 0.000000000000000000e+00 3.686157124882815733e-09 2.200571548280912781e-09
3.437404657750449246e+02 0.000000000000000000e+00 0.000000000000000000e+00 2.768644582269239520e-09 2.200571548280912781e-09
4.180027715229267073e+02 0.000000000000000000e+00 0.000000000000000000e+00 2.075484619477210951e-09 2.200571548280912781e-09
5.083088387830212014e+02 0.000000000000000000e+00 0.000000000000000000e+00 1.562281484513336976e-09 2.200571548280912781e-09
6.181247905213276681e+02 0.000000000000000000e+00 0.000000000000000000e+00 1.185946095808627469e-09 2.200571548280912781e-09
7.516655771160627637e+02 0.000000000000000000e+00 0.000000000000000000e+00 9.062715680082833760e-10 2.200571548280912781e-09
9.140567543726903068e+02 0.000000000000000000e+00 0.000000000000000000e+00 6.976750470179525644e-10 2.200571548280912781e-09
