2.223062424702014184e+01 0.000000000000000000e+00 0.000000000000000000e+00 3.123024278245708776e-08 2.201011595744537622e-09
2.703336811680613749e+01 0.000000000000000000e+00 0.000000000000000000e+00 2.736738874275452996e-08 2.201011595744537622e-09
3.287370537229559631e+01 0.000000000000000000e+00 0.000000000000000000e+00 2.344918319370646503e-08 2.201011595744537622e-09
3.997579954651146039e+01 0.000000000000000000e+00 0.000000000000000000e+00 1.970361557041671473e-08 2.201011595744537622e-09
4.861224286355134439e+01 0.000000000000000000e+00 0.000000000000000000e+00 1.630095370001161525e-08 2.201011595744537622e-09
5.911451885972652320e+01 0.000000000000000000e+00 0.000000000000000000e+00 1.332624771906383725e-08 2.201011595744537622e-09
7.188572536810676183e+01 0.000000000000000000e+00 0.000000000000000000e+00 1.077028246815707571e-08 2.201011595744537622e-09
8.741604619942908982e+01 0.000000000000000000e+00 0.000000000000000000e+00 8.583091076483246004e-09 2.201011595744537622e-09
1.063015653526535687e+02 0.000000000000000000e+00 0.000000000000000000e+00 6.730317969526151067e-09 2.201011595744537622e-09
1.292671458812591823e+02 0.000000000000000000e+00 0.000000000000000000e+00 5.217103431315568605e-09 2.201011595744537622e-09
1.571942515507803080e+02 0.000000000000000000e+00 0.000000000000000000e+00 4.041322793228266810e-09 2.201011595744537622e-09
1.911547791370583127e+02 0.000000000000000000e+00 0.000000000000000000e+00 3.142508594629470012e-09 2.201011595744537622e-09
2.324521999147883946e+02 0.000000000000000000e+00 0.000000000000000000e+00 2.445924495684652464e-09 2.201011595744537622e-09
2.826715894269234468e+02 0.000000000000000000e+00 0.000000000000000000e+00 1.913878414704809931e-09 2.201011595744537622e-09
3.437404657750449246e+02 0.000000000000000000e+00 0.000000000000000000e+00 1.509344810882300417e-09 2.201011595744537622e-09
4.180027715229267073e+02 0.000000000000000000e+00 0.000000000000000000e+00 1.197790279739436725e-09 2.201011595744537622e-09
5.083088387830212014e+02 0.000000000000000000e+00 0.000000000000000000e+00 9.552998331928855942e-10 2.201011595744537622e-09
6.181247905213276681e+02 0.000000000000000000e+00 0.000000000000000000e+00 7.637500201161254671e-10 2.201011595744537622e-09
7.516655771160627637e+02 0.000000000000000000e+00 0.000000000000000000e+00 6.095441937036337755e-10 2.201011595744537622e-09
9.140567543726903068e+02 0.000000000000000000e+00 0.000000000000000000e+00 4.840643903192800271e-10 2.201011595744537622e-09
