2.223062424702014184e+01 0.000000000000000000e+00 0.000000000000000000e+00 2.932379281498237687e-06 3.255283355445135942e-08
2.703336811680613749e+01 0.000000000000000000e+00 0.000000000000000000e+00 3.273699163203292699e-06 3.255283355445135942e-08
3.287370537229559631e+01 0.000000000000000000e+00 0.000000000000000000e+00 3.589893026546163494e-06 3.255283355445135942e-08
3.997579954651146039e+01 0.000000000000000000e+00 0.000000000000000000e+00 3.851620416610383849e-06 3.255283355445135942e-08
4.861224286355134439e+01 0.000000000000000000e+00 0.000000000000000000e+00 4.022347496322978677e-06 3.255283355445135942e-08
5.911451885972652320e+01 0.000000000000000000e+00 0.000000000000000000e+00 4.061688833194411900e-06 3.255283355445135942e-08
7.188572536810676183e+01 0.000000000000000000e+00 0.000000000000000000e+00 3.934538215046655854e-06 3.255283355445135942e-08
8.741604619942908982e+01 0.000000000000000000e+00 0.000000000000000000e+00 3.628300050433475067e-06 3.255283355445135942e-08
1.063015653526535687e+02 0.000000000000000000e+00 0.000000000000000000e+00 3.175835264017568483e-06 3.255283355445135942e-08
1.292671458812591823e+02 0.000000000000000000e+00 0.000000000000000000e+00 2.668559575557816255e-06 3.255283355445135942e-08
1.571942515507803080e+02 0.000000000000000000e+00 0.000000000000000000e+00 2.227813287619051595e-06 3.255283355445135942e-08
1.911547791370583127e+02 0.000000000000000000e+00 0.000000000000000000e+00 1.918865216679912063e-06 3.255283355445135942e-08
2.324521999147883946e+02 0.000000000000000000e+00 0.000000000000000000e+00 1.660937160612247025e-06 3.255283355445135942e-08
2.826715894269234468e+02 0.000000000000000000e+00 0.000000000000000000e+00 1.300264470388699753e-06 3.255283355445135942e-08
3.437404657750449246e+02 0.000000000000000000e+00 0.000000000000000000e+00 9.328767936838643184e-07 3.255283355445135942e-08
4.180027715229267073e+02 0.000000000000000000e+00 0.000000000000000000e+00 7.474352523896785760e-07 3.255283355445135942e-08
5.083088387830212014e+02 0.000000000000000000e+00 0.000000000000000000e+00 5.546000315793351290e-07 3.255283355445135942e-08
6.181247905213276681e+02 0.000000000000000000e+00 0.000000000000000000e+00 4.039549822821808016e-07 3.255283355445135942e-08
7.516655771160627637e+02 0.000000000000000000e+00 0.000000000000000000e+00 2.935065054546833818e-07 3.255283355445135942e-08
9.140567543726903068e+02 0.000000000000000000e+00 0.000000000000000000e+00 2.152060508941505554e-07 3.255283355445135942e-08
