2.223062424702014184e+01 0.000000000000000000e+00 0.000000000000000000e+00 4.630051957275256925e-08 2.200766026279077669e-09
2.703336811680613749e+01 0.000000000000000000e+00 0.000000000000000000e+00 4.181191454658942433e-08 2.200766026279077669e-09
3.287370537229559631e+01 0.000000000000000000e+00 0.000000000000000000e+00 3.680402550830740441e-08 2.200766026279077669e-09
3.997579954651146039e+01 0.000000000000000000e+00 0.000000000000000000e+00 3.158058419332889407e-08 2.200766026279077669e-09
4.861224286355134439e+01 0.000000000000000000e+00 0.000000000000000000e+00 2.645143954235586521e-08 2.200766026279077669e-09
5.911451885972652320e+01 0.000000000000000000e+00 0.000000000000000000e+00 2.169752374915931288e-08 2.200766026279077669e-09
7.188572536810676183e+01 0.000000000000000000e+00 0.000000000000000000e+00 1.751593278154625688e-08 2.200766026279077669e-09
8.741604619942908982e+01 0.000000000000000000e+00 0.000000000000000000e+00 1.398357236918245060e-08 2.200766026279077669e-09
1.063015653526535687e+02 0.000000000000000000e+00 0.000000000000000000e+00 1.105957242907730646e-08 2.200766026279077669e-09
1.292671458812591823e+02 0.000000000000000000e+00 0.000000000000000000e+00 8.638055130469069173e-09 2.200766026279077669e-09
1.571942515507803080e+02 0.000000000000000000e+00 0.000000000000000000e+00 6.628172874902083282e-09 2.200766026279077669e-09
1.911547791370583127e+02 0.000000000000000000e+00 0.000000000000000000e+00 5.000996934579005283e-09 2.200766026279077669e-09
2.324521999147883946e+02 0.000000000000000000e+00 0.000000000000000000e+00 3.753816956259086714e-09 2.200766026279077669e-09
2.826715894269234468e+02 0.000000000000000000e+00 0.000000000000000000e+00 2.831559756952772768e-09 2.200766026279077669e-09
3.437404657750449246e+02 0.000000000000000000e+00 0.000000000000000000e+00 2.137631769064500102e-09 2.200766026279077669e-09
4.180027715229267073e+02 0.000000000000000000e+00 0.000000000000000000e+00 1.616232161419409689e-09 2.200766026279077669e-09
5.083088387830212014e+02 0.000000000000000000e+00 0.000000000000000000e+00 1.233253932706187743e-09 2.200766026279077669e-09
6.181247905213276681e+02 0.000000000000000000e+00 0.000000000000000000e+00 9.475209185939335950e-10 2.200766026279077669e-09
7.516655771160627637e+02 0.000000000000000000e+00 0.000000000000000000e+00 7.333792576820610629e-10 2.200766026279077669e-09
9.140567543726903068e+02 0.000000000000000000e+00 0.000000000000000000e+00 5.713553987195414327e-10 2.200766026279077669e-09
