2.223062424702014184e+01 0.000000000000000000e+00 0.000000000000000000e+00 5.470333648163125033e-06 3.255768862311969425e-08
2.703336811680613749e+01 0.000000000000000000e+00 0.000000000000000000e+00 5.850777001210235971e-06 3.255768862311969425e-08
3.287370537229559631e+01 0.000000000000000000e+00 0.000000000000000000e+00 6.107261791406753639e-06 3.255768862311969425e-08
3.997579954651146039e+01 0.000000000000000000e+00 0.000000000000000000e+00 6.192133994924809037e-06 3.255768862311969425e-08
4.861224286355134439e+01 0.000000000000000000e+00 0.000000000000000000e+00 6.060253791978780459e-06 3.255768862311969425e-08
5.911451885972652320e+01 0.000000000000000000e+00 0.000000000000000000e+00 5.682332848906904137e-06 3.255768862311969425e-08
7.188572536810676183e+01 0.000000000000000000e+00 0.000000000000000000e+00 5.066419114343141500e-06 3.255768862311969425e-08
8.741604619942908982e+01 0.000000000000000000e+00 0.000000000000000000e+00 4.281693796335378420e-06 3.255768862311969425e-08
1.063015653526535687e+02 0.000000000000000000e+00 0.000000000000000000e+00 3.466297232600128217e-06 3.255768862311969425e-08
1.292671458812591823e+02 0.000000000000000000e+00 0.000000000000000000e+00 2.785010993311509473e-06 3.255768862311969425e-08
1.571942515507803080e+02 0.000000000000000000e+00 0.000000000000000000e+00 2.322447823829038935e-06 3.255768862311969425e-08
1.911547791370583127e+02 0.000000000000000000e+00 0.000000000000000000e+00 1.979346538213694859e-06 3.255768862311969425e-08
2.324521999147883946e+02 0.000000000000000000e+00 0.000000000000000000e+00 1.542709630414700405e-06 3.255768862311969425e-08
2.826715894269234468e+02 0.000000000000000000e+00 0.000000000000000000e+00 1.072021005875726115e-06 3.255768862311969425e-08
3.437404657750449246e+02 0.000000000000000000e+00 0.000000000000000000e+00 8.242028689461663047e-07 3.255768862311969425e-08
4.180027715229267073e+02 0.000000000000000000e+00 0.000000000000000000e+00 6.238550493535392331e-07 3.255768862311969425e-08
5.083088387830212014e+02 0.000000000000000000e+00 0.000000000000000000e+00 4.342397884107718848e-07 3.255768862311969425e-08
6.181247905213276681e+02 0.000000000000000000e+00 0.000000000000000000e+00 3.205919183955899661e-07 3.255768862311969425e-08
7.516655771160627637e+02 0.000000000000000000e+00 0.000000000000000000e+00 2.301396895997591003e-07 3.255768862311969425e-08
9.140567543726903068e+02 0.000000000000000000e+00 0.000000000000000000e+00 1.648407107916815084e-07 3.255768862311969425e-08
