2.223062424702014184e+01 0.000000000000000000e+00 0.000000000000000000e+00 7.577035483305172866e-09 2.200747650640901142e-09
2.703336811680613749e+01 0.000000000000000000e+00 0.000000000000000000e+00 6.170040441962048240e-09 2.200747650640901142e-09
3.287370537229559631e+01 0.000000000000000000e+00 0.000000000000000000e+00 4.969286331036493186e-09 2.200747650640901142e-09
3.997579954651146039e+01 0.000000000000000000e+00 0.000000000000000000e+00 3.962804749682681388e-09 2.200747650640901142e-09
4.861224286355134439e+01 0.000000000000000000e+00 0.000000000000000000e+00 3.123165755358282831e-09 2.200747650640901142e-09
5.911451885972652320e+01 0.000000000000000000e+00 0.000000000000000000e+00 2.428440188660434103e-09 2.200747650640901142e-09
7.188572536810676183e+01 0.000000000000000000e+00 0.000000000000000000e+00 1.869731358171677082e-09 2.200747650640901142e-09
8.741604619942908982e+01 0.000000000000000000e+00 0.000000000000000000e+00 1.438565436405838904e-09 2.200747650640901142e-09
1.063015653526535687e+02 0.000000000000000000e+00 0.000000000000000000e+00 1.112874557395967965e-09 2.200747650640901142e-09
1.292671458812591823e+02 0.000000000000000000e+00 0.000000000000000000e+00 8.651900596827481585e-10 2.200747650640901142e-09
1.571942515507803080e+02 0.000000000000000000e+00 0.000000000000000000e+00 6.768814205504239306e-10 2.200747650640901142e-09
1.911547791370583127e+02 0.000000000000000000e+00 0.000000000000000000e+00 5.343460611463218294e-10 2.200747650640901142e-09
2.324521999147883946e+02 0.000000000000000000e+00 0.000000000000000000e+00 4.250927055777830018e-10 2.200747650640901142e-09
2.826715894269234468e+02 0.000000000000000000e+00 0.000000000000000000e+00 3.401278001456164250e-10 2.200747650640901142e-09
3.437404657750449246e+02 0.000000000000000000e+00 0.000000000000000000e+00 2.728335386107586183e-10 2.200747650640901142e-09
4.180027715229267073e+02 0.000000000000000000e+00 0.000000000000000000e+00 2.187238612007651304e-10 2.200747650640901142e-09
5.083088387830212014e+02 0.000000000000000000e+00 0.000000000000000000e+00 1.744564520326073093e-10 2.200747650640901142e-09
6.181247905213276681e+02 0.000000000000000000e+00 0.000000000000000000e+00 1.378712312493815947e-10 2.200747650640901142e-09
7.516655771160627637e+02 0.000000000000000000e+00 0.000000000000000000e+00 1.077397428921732408e-10 2.200747650640901142e-09
9.140567543726903068e+02 0.000000000000000000e+00 0.000000000000000000e+00 8.294546759930452468e-11 2.200747650640901142e-09
