2.223062424702014184e+01 0.000000000000000000e+00 0.000000000000000000e+00 1.726528116663429911e-06 6.510162069748463582e-09
2.703336811680613749e+01 0.000000000000000000e+00 0.000000000000000000e+00 1.883558700090301291e-06 6.510162069748463582e-09
3.287370537229559631e+01 0.000000000000000000e+00 0.000000000000000000e+00 2.008606264914844696e-06 6.510162069748463582e-09
3.997579954651146039e+01 0.000000000000000000e+00 0.000000000000000000e+00 2.082685360119896481e-06 6.510162069748463582e-09
4.861224286355134439e+01 0.000000000000000000e+00 0.000000000000000000e+00 2.085979001784738727e-06 6.510162069748463582e-09
5.911451885972652320e+01 0.000000000000000000e+00 0.000000000000000000e+00 2.003349656064959035e-06 6.510162069748463582e-09
7.188572536810676183e+01 0.000000000000000000e+00 0.000000000000000000e+00 1.833566998804494360e-06 6.510162069748463582e-09
8.741604619942908982e+01 0.000000000000000000e+00 0.000000000000000000e+00 1.599524127401272178e-06 6.510162069748463582e-09
1.063015653526535687e+02 0.000000000000000000e+00 0.000000000000000000e+00 1.349052144635809157e-06 6.510162069748463582e-09
1.292671458812591823e+02 0.000000000000000000e+00 0.000000000000000000e+00 1.134448659676598592e-06 6.510162069748463582e-09
1.571942515507803080e+02 0.000000000000000000e+00 0.000000000000000000e+00 9.718765951106018313e-07 6.510162069748463582e-09
1.911547791370583127e+02 0.000000000000000000e+00 0.000000000000000000e+00 8.179235282043705685e-07 6.510162069748463582e-09
2.324521999147883946e+02 0.000000000000000000e+00 0.000000000000000000e+00 6.381052931309476006e-07 6.510162069748463582e-09
2.826715894269234468e+02 0.000000000000000000e+00 0.000000000000000000e+00 4.828271914864653327e-07 6.510162069748463582e-09
3.437404657750449246e+02 0.000000000000000000e+00 0.000000000000000000e+00 3.724438613578169405e-07 6.510162069748463582e-09
4.180027715229267073e+02 0.000000000000000000e+00 0.000000000000000000e+00 2.777078636719614481e-07 6.510162069748463582e-09
5.083088387830212014e+02 0.000000000000000000e+00 0.000000000000000000e+00 2.064605544624513572e-07 6.510162069748463582e-09
6.181247905213276681e+02 0.000000000000000000e+00 0.000000000000000000e+00 1.516580708497192424e-07 6.510162069748463582e-09
7.516655771160627637e+02 0.000000000000000000e+00 0.000000000000000000e+00 1.113181052001904948e-07 6.510162069748463582e-09
9.140567543726903068e+02 0.000000000000000000e+00 0.000000000000000000e+00 8.192212950784236427e-08 6.510162069748463582e-09
