2.223062424702014184e+01 0.000000000000000000e+00 0.000000000000000000e+00 6.974138868265939364e-06 3.258140255356497059e-08
2.703336811680613749e+01 0.000000000000000000e+00 0.000000000000000000e+00 7.367978965423617531e-06 3.258140255356497059e-08
3.287370537229559631e+01 0.000000000000000000e+00 0.000000000000000000e+00 7.579686810483063573e-06 3.258140255356497059e-08
3.997579954651146039e+01 0.000000000000000000e+00 0.000000000000000000e+00 7.551626540518849152e-06 3.258140255356497059e-08
4.861224286355134439e+01 0.000000000000000000e+00 0.000000000000000000e+00 7.235697310860577649e-06 3.258140255356497059e-08
5.911451885972652320e+01 0.000000000000000000e+00 0.000000000000000000e+00 6.615156736052007369e-06 3.258140255356497059e-08
7.188572536810676183e+01 0.000000000000000000e+00 0.000000000000000000e+00 5.733179439715132202e-06 3.258140255356497059e-08
8.741604619942908982e+01 0.000000000000000000e+00 0.000000000000000000e+00 4.717501862399660977e-06 3.258140255356497059e-08
1.063015653526535687e+02 0.000000000000000000e+00 0.000000000000000000e+00 3.767207978116371361e-06 3.258140255356497059e-08
1.292671458812591823e+02 0.000000000000000000e+00 0.000000000000000000e+00 3.055061730668088413e-06 3.258140255356497059e-08
1.571942515507803080e+02 0.000000000000000000e+00 0.000000000000000000e+00 2.592503249179654828e-06 3.258140255356497059e-08
1.911547791370583127e+02 0.000000000000000000e+00 0.000000000000000000e+00 2.154811066580546865e-06 3.258140255356497059e-08
2.324521999147883946e+02 0.000000000000000000e+00 0.000000000000000000e+00 1.569586144504916025e-06 3.258140255356497059e-08
2.826715894269234468e+02 0.000000000000000000e+00 0.000000000000000000e+00 1.108212896053549653e-06 3.258140255356497059e-08
3.437404657750449246e+02 0.000000000000000000e+00 0.000000000000000000e+00 8.875462191455452734e-07 3.258140255356497059e-08
4.180027715229267073e+02 0.000000000000000000e+00 0.000000000000000000e+00 6.188469468916244130e-07 3.258140255356497059e-08
5.083088387830212014e+02 0.000000000000000000e+00 0.000000000000000000e+00 4.594147481780275060e-07 3.258140255356497059e-08
6.181247905213276681e+02 0.000000000000000000e+00 0.000000000000000000e+00 3.243763598052028316e-07 3.258140255356497059e-08
7.516655771160627637e+02 0.000000000000000000e+00 0.000000000000000000e+00 2.363949206762011135e-07 3.258140255356497059e-08
9.140567543726903068e+02 0.000000000000000000e+00 0.000000000000000000e+00 1.713433334618435942e-07 3.258140255356497059e-08
