2.223062424702014184e+01 0.000000000000000000e+00 0.000000000000000000e+00 9.570341787946479430e-06 3.255934313231564608e-08
2.703336811680613749e+01 0.000000000000000000e+00 0.000000000000000000e+00 9.900769194282793797e-06 3.255934313231564608e-08
3.287370537229559631e+01 0.000000000000000000e+00 0.000000000000000000e+00 9.927656702251822578e-06 3.255934313231564608e-08
3.997579954651146039e+01 0.000000000000000000e+00 0.000000000000000000e+00 9.583564629582805617e-06 3.255934313231564608e-08
4.861224286355134439e+01 0.000000000000000000e+00 0.000000000000000000e+00 8.837503546573731450e-06 3.255934313231564608e-08
5.911451885972652320e+01 0.000000000000000000e+00 0.000000000000000000e+00 7.732201589127436954e-06 3.255934313231564608e-08
7.188572536810676183e+01 0.000000000000000000e+00 0.000000000000000000e+00 6.420301976597706827e-06 3.255934313231564608e-08
8.741604619942908982e+01 0.000000000000000000e+00 0.000000000000000000e+00 5.150066551203074813e-06 3.255934313231564608e-08
1.063015653526535687e+02 0.000000000000000000e+00 0.000000000000000000e+00 4.164329597440129954e-06 3.255934313231564608e-08
1.292671458812591823e+02 0.000000000000000000e+00 0.000000000000000000e+00 3.515381792446095684e-06 3.255934313231564608e-08
1.571942515507803080e+02 0.000000000000000000e+00 0.000000000000000000e+00 2.950426710080239286e-06 3.255934313231564608e-08
1.911547791370583127e+02 0.000000000000000000e+00 0.000000000000000000e+00 2.204074514227627696e-06 3.255934313231564608e-08
2.324521999147883946e+02 0.000000000000000000e+00 0.000000000000000000e+00 1.549178031005061403e-06 3.255934313231564608e-08
2.826715894269234468e+02 0.000000000000000000e+00 0.000000000000000000e+00 1.226189523112083437e-06 3.255934313231564608e-08
3.437404657750449246e+02 0.000000000000000000e+00 0.000000000000000000e+00 8.850664822902072194e-07 3.255934313231564608e-08
4.180027715229267073e+02 0.000000000000000000e+00 0.000000000000000000e+00 6.451652663076133349e-07 3.255934313231564608e-08
5.083088387830212014e+02 0.000000000000000000e+00 0.000000000000000000e+00 4.671301827140478744e-07 3.255934313231564608e-08
6.181247905213276681e+02 0.000000000000000000e+00 0.000000000000000000e+00 3.428580463018970943e-07 3.255934313231564608e-08
7.516655771160627637e+02 0.000000000000000000e+00 0.000000000000000000e+00 2.510458235203606125e-07 3.255934313231564608e-08
9.140567543726903068e+02 0.000000000000000000e+00 0.000000000000000000e+00 1.862577854022351549e-07 3.255934313231564608e-08
