2.223062424702014184e+01 0.000000000000000000e+00 0.000000000000000000e+00 2.377225124732866412e-08 2.200990875465877361e-09
2.703336811680613749e+01 0.000000000000000000e+00 0.000000000000000000e+00 2.040092983224630868e-08 2.200990875465877361e-09
3.287370537229559631e+01 0.000000000000000000e+00 0.000000000000000000e+00 1.715907245028998215e-08 2.200990875465877361e-09
3.997579954651146039e+01 0.000000000000000000e+00 0.000000000000000000e+00 1.420278324381402020e-08 2.200990875465877361e-09
4.861224286355134439e+01 0.000000000000000000e+00 0.000000000000000000e+00 1.161380190515295010e-08 2.200990875465877361e-09
5.911451885972652320e+01 0.000000000000000000e+00 0.000000000000000000e+00 9.395066143021442286e-09 2.200990875465877361e-09
7.188572536810676183e+01 0.000000000000000000e+00 0.000000000000000000e+00 7.502926353769720065e-09 2.200990875465877361e-09
8.741604619942908982e+01 0.000000000000000000e+00 0.000000000000000000e+00 5.899110473648576777e-09 2.200990875465877361e-09
1.063015653526535687e+02 0.000000000000000000e+00 0.000000000000000000e+00 4.580254992677624047e-09 2.200990875465877361e-09
1.292671458812591823e+02 0.000000000000000000e+00 0.000000000000000000e+00 3.548287680148794036e-09 2.200990875465877361e-09
1.571942515507803080e+02 0.000000000000000000e+00 0.000000000000000000e+00 2.761263383413779556e-09 2.200990875465877361e-09
1.911547791370583127e+02 0.000000000000000000e+00 0.000000000000000000e+00 2.153347501141028077e-09 2.200990875465877361e-09
2.324521999147883946e+02 0.000000000000000000e+00 0.000000000000000000e+00 1.686707136537500267e-09 2.200990875465877361e-09
2.826715894269234468e+02 0.000000000000000000e+00 0.000000000000000000e+00 1.332170163872021540e-09 2.200990875465877361e-09
3.437404657750449246e+02 0.000000000000000000e+00 0.000000000000000000e+00 1.059020824094321378e-09 2.200990875465877361e-09
4.180027715229267073e+02 0.000000000000000000e+00 0.000000000000000000e+00 8.465274810508474738e-10 2.200990875465877361e-09
5.083088387830212014e+02 0.000000000000000000e+00 0.000000000000000000e+00 6.781888565561913049e-10 2.200990875465877361e-09
6.181247905213276681e+02 0.000000000000000000e+00 0.000000000000000000e+00 5.428810779783223416e-10 2.200990875465877361e-09
7.516655771160627637e+02 0.000000000000000000e+00 0.000000000000000000e+00 4.324133764671723715e-10 2.200990875465877361e-09
9.140567543726903068e+02 0.000000000000000000e+00 0.000000000000000000e+00 3.413294130224081057e-10 2.200990875465877361e-09
