2.223062424702014184e+01 0.000000000000000000e+00 0.000000000000000000e+00 1.570487728443889925e-08 2.200910444393931196e-09
2.703336811680613749e+01 0.000000000000000000e+00 0.000000000000000000e+00 1.320926927275113952e-08 2.200910444393931196e-09
3.287370537229559631e+01 0.000000000000000000e+00 0.000000000000000000e+00 1.093330513692152329e-08 2.200910444393931196e-09
3.997579954651146039e+01 0.000000000000000000e+00 0.000000000000000000e+00 8.938901955032789376e-09 2.200910444393931196e-09
4.861224286355134439e+01 0.000000000000000000e+00 0.000000000000000000e+00 7.229303612916300935e-09 2.200910444393931196e-09
5.911451885972652320e+01 0.000000000000000000e+00 0.000000000000000000e+00 5.772593964028798144e-09 2.200910444393931196e-09
7.188572536810676183e+01 0.000000000000000000e+00 0.000000000000000000e+00 4.540205124321655729e-09 2.200910444393931196e-09
8.741604619942908982e+01 0.000000000000000000e+00 0.000000000000000000e+00 3.527936434030290854e-09 2.200910444393931196e-09
1.063015653526535687e+02 0.000000000000000000e+00 0.000000000000000000e+00 2.734738332904289254e-09 2.200910444393931196e-09
1.292671458812591823e+02 0.000000000000000000e+00 0.000000000000000000e+00 2.128968942823767316e-09 2.200910444393931196e-09
1.571942515507803080e+02 0.000000000000000000e+00 0.000000000000000000e+00 1.662015405730145832e-09 2.200910444393931196e-09
1.911547791370583127e+02 0.000000000000000000e+00 0.000000000000000000e+00 1.303542504532035308e-09 2.200910444393931196e-09
2.324521999147883946e+02 0.000000000000000000e+00 0.000000000000000000e+00 1.030914136002602278e-09 2.200910444393931196e-09
2.826715894269234468e+02 0.000000000000000000e+00 0.000000000000000000e+00 8.208443727004286734e-10 2.200910444393931196e-09
3.437404657750449246e+02 0.000000000000000000e+00 0.000000000000000000e+00 6.573057193216641676e-10 2.200910444393931196e-09
4.180027715229267073e+02 0.000000000000000000e+00 0.000000000000000000e+00 5.277350052493360796e-10 2.200910444393931196e-09
5.083088387830212014e+02 0.000000000000000000e+00 0.000000000000000000e+00 4.231828729248582705e-10 2.200910444393931196e-09
6.181247905213276681e+02 0.000000000000000000e+00 0.000000000000000000e+00 3.377955624854932102e-10 2.200910444393931196e-09
7.516655771160627637e+02 0.000000000000000000e+00 0.000000000000000000e+00 2.671787050572488832e-10 2.200910444393931196e-09
9.140567543726903068e+02 0.000000000000000000e+00 0.000000000000000000e+00 2.088802201114085408e-10 2.200910444393931196e-09
