2.223062424702014184e+01 0.000000000000000000e+00 0.000000000000000000e+00 3.051780550084703411e-06 3.255283355445135942e-08
2.703336811680613749e+01 0.000000000000000000e+00 0.000000000000000000e+00 3.426902073434749788e-06 3.255283355445135942e-08
3.287370537229559631e+01 0.000000000000000000e+00 0.000000000000000000e+00 3.782397841196881471e-06 3.255283355445135942e-08
3.997579954651146039e+01 0.000000000000000000e+00 0.000000000000000000e+00 4.087056545917998669e-06 3.255283355445135942e-08
4.861224286355134439e+01 0.000000000000000000e+00 0.000000000000000000e+00 4.300653753901139316e-06 3.255283355445135942e-08
5.911451885972652320e+01 0.000000000000000000e+00 0.000000000000000000e+00 4.377352195960538036e-06 3.255283355445135942e-08
7.188572536810676183e+01 0.000000000000000000e+00 0.000000000000000000e+00 4.275576495088270315e-06 3.255283355445135942e-08
8.741604619942908982e+01 0.000000000000000000e+00 0.000000000000000000e+00 3.977606135889739246e-06 3.255283355445135942e-08
1.063015653526535687e+02 0.000000000000000000e+00 0.000000000000000000e+00 3.516231144381634719e-06 3.255283355445135942e-08
1.292671458812591823e+02 0.000000000000000000e+00 0.000000000000000000e+00 2.990113670041252838e-06 3.255283355445135942e-08
1.571942515507803080e+02 0.000000000000000000e+00 0.000000000000000000e+00 2.530768528039501544e-06 3.255283355445135942e-08
1.911547791370583127e+02 0.000000000000000000e+00 0.000000000000000000e+00 2.204843302788515890e-06 3.255283355445135942e-08
2.324521999147883946e+02 0.000000000000000000e+00 0.000000000000000000e+00 1.913419448036703632e-06 3.255283355445135942e-08
2.826715894269234468e+02 0.000000000000000000e+00 0.000000000000000000e+00 1.496568602651431888e-06 3.255283355445135942e-08
3.437404657750449246e+02 0.000000000000000000e+00 0.000000000000000000e+00 1.092331571930324207e-06 3.255283355445135942e-08
4.180027715229267073e+02 0.000000000000000000e+00 0.000000000000000000e+00 8.887050375254938585e-07 3.255283355445135942e-08
5.083088387830212014e+02 0.000000000000000000e+00 0.000000000000000000e+00 6.548684248256627171e-07 3.255283355445135942e-08
6.181247905213276681e+02 0.000000000000000000e+00 0.000000000000000000e+00 4.892519157919569346e-07 3.255283355445135942e-08
7.516655771160627637e+02 0.000000000000000000e+00 0.000000000000000000e+00 3.549726908303334532e-07 3.255283355445135942e-08
9.140567543726903068e+02 0.000000000000000000e+00 0.000000000000000000e+00 2.636039271978863343e-07 3.255283355445135942e-08
