2.223062424702014184e+01 0.000000000000000000e+00 0.000000000000000000e+00 1.803157293127137457e-08 2.200910444393931196e-09
2.703336811680613749e+01 0.000000000000000000e+00 0.000000000000000000e+00 1.534851395236124702e-08 2.200910444393931196e-09
3.287370537229559631e+01 0.000000000000000000e+00 0.000000000000000000e+00 1.285872453276173164e-08 2.200910444393931196e-09
3.997579954651146039e+01 0.000000000000000000e+00 0.000000000000000000e+00 1.063752989404652113e-08 2.200910444393931196e-09
4.861224286355134439e+01 0.000000000000000000e+00 0.000000000000000000e+00 8.699477721680358278e-09 2.200910444393931196e-09
5.911451885972652320e+01 0.000000000000000000e+00 0.000000000000000000e+00 7.022126026986418821e-09 2.200910444393931196e-09
7.188572536810676183e+01 0.000000000000000000e+00 0.000000000000000000e+00 5.586280636823997670e-09 2.200910444393931196e-09
8.741604619942908982e+01 0.000000000000000000e+00 0.000000000000000000e+00 4.395912131365668314e-09 2.200910444393931196e-09
1.063015653526535687e+02 0.000000000000000000e+00 0.000000000000000000e+00 3.452352050800996424e-09 2.200910444393931196e-09
1.292671458812591823e+02 0.000000000000000000e+00 0.000000000000000000e+00 2.719722315101044110e-09 2.200910444393931196e-09
1.571942515507803080e+02 0.000000000000000000e+00 0.000000000000000000e+00 2.145885505027569159e-09 2.200910444393931196e-09
1.911547791370583127e+02 0.000000000000000000e+00 0.000000000000000000e+00 1.699706222234505621e-09 2.200910444393931196e-09
2.324521999147883946e+02 0.000000000000000000e+00 0.000000000000000000e+00 1.355237522225495608e-09 2.200910444393931196e-09
2.826715894269234468e+02 0.000000000000000000e+00 0.000000000000000000e+00 1.086141427424913233e-09 2.200910444393931196e-09
3.437404657750449246e+02 0.000000000000000000e+00 0.000000000000000000e+00 8.740292298441902049e-10 2.200910444393931196e-09
4.180027715229267073e+02 0.000000000000000000e+00 0.000000000000000000e+00 7.041059140425098640e-10 2.200910444393931196e-09
5.083088387830212014e+02 0.000000000000000000e+00 0.000000000000000000e+00 5.656879603838648976e-10 2.200910444393931196e-09
6.181247905213276681e+02 0.000000000000000000e+00 0.000000000000000000e+00 4.517061650745409281e-10 2.200910444393931196e-09
7.516655771160627637e+02 0.000000000000000000e+00 0.000000000000000000e+00 3.568463452609494440e-10 2.200910444393931196e-09
9.140567543726903068e+02 0.000000000000000000e+00 0.000000000000000000e+00 2.781571211710580405e-10 2.200910444393931196e-09
