2.223062424702014184e+01 0.000000000000000000e+00 0.000000000000000000e+00 4.487304529686338116e-08 2.200914074231077779e-09
2.703336811680613749e+01 0.000000000000000000e+00 0.000000000000000000e+00 4.042520144289137380e-08 2.200914074231077779e-09
3.287370537229559631e+01 0.000000000000000000e+00 0.000000000000000000e+00 3.548838190031228469e-08 2.200914074231077779e-09
3.997579954651146039e+01 0.000000000000000000e+00 0.000000000000000000e+00 3.036309083820013487e-08 2.200914074231077779e-09
4.861224286355134439e+01 0.000000000000000000e+00 0.000000000000000000e+00 2.535373670292930499e-08 2.200914074231077779e-09
5.911451885972652320e+01 0.000000000000000000e+00 0.000000000000000000e+00 2.073312867847284038e-08 2.200914074231077779e-09
7.188572536810676183e+01 0.000000000000000000e+00 0.000000000000000000e+00 1.668910751107378212e-08 2.200914074231077779e-09
8.741604619942908982e+01 0.000000000000000000e+00 0.000000000000000000e+00 1.328974745741803657e-08 2.200914074231077779e-09
1.063015653526535687e+02 0.000000000000000000e+00 0.000000000000000000e+00 1.048772108403015474e-08 2.200914074231077779e-09
1.292671458812591823e+02 0.000000000000000000e+00 0.000000000000000000e+00 8.173974947447135732e-09 2.200914074231077779e-09
1.571942515507803080e+02 0.000000000000000000e+00 0.000000000000000000e+00 6.257132267102952790e-09 2.200914074231077779e-09
1.911547791370583127e+02 0.000000000000000000e+00 0.000000000000000000e+00 4.708524643334710171e-09 2.200914074231077779e-09
2.324521999147883946e+02 0.000000000000000000e+00 0.000000000000000000e+00 3.525121538722210430e-09 2.200914074231077779e-09
2.826715894269234468e+02 0.000000000000000000e+00 0.000000000000000000e+00 2.652645597279844865e-09 2.200914074231077779e-09
3.437404657750449246e+02 0.000000000000000000e+00 0.000000000000000000e+00 1.997658065148209952e-09 2.200914074231077779e-09
4.180027715229267073e+02 0.000000000000000000e+00 0.000000000000000000e+00 1.506703673356748752e-09 2.200914074231077779e-09
5.083088387830212014e+02 0.000000000000000000e+00 0.000000000000000000e+00 1.146989572052507794e-09 2.200914074231077779e-09
6.181247905213276681e+02 0.000000000000000000e+00 0.000000000000000000e+00 8.792308682865390164e-10 2.200914074231077779e-09
7.516655771160627637e+02 0.000000000000000000e+00 0.000000000000000000e+00 6.794428342915512350e-10 2.200914074231077779e-09
9.140567543726903068e+02 0.000000000000000000e+00 0.000000000000000000e+00 5.280939604351709771e-10 2.200914074231077779e-09
