2.223062424702014184e+01 0.000000000000000000e+00 0.000000000000000000e+00 5.428286872898030260e-06 0.000000000000000000e+00
2.703336811680613749e+01 0.000000000000000000e+00 0.000000000000000000e+00 5.775252526698896573e-06 0.000000000000000000e+00
3.287370537229559631e+01 0.000000000000000000e+00 0.000000000000000000e+00 5.969241811247236747e-06 0.000000000000000000e+00
3.997579954651146039e+01 0.000000000000000000e+00 0.000000000000000000e+00 5.951666852641779658e-06 0.000000000000000000e+00
4.861224286355134439e+01 0.000000000000000000e+00 0.000000000000000000e+00 5.678059523614830432e-06 0.000000000000000000e+00
5.911451885972652320e+01 0.000000000000000000e+00 0.000000000000000000e+00 5.146815997479761060e-06 0.000000000000000000e+00
7.188572536810676183e+01 0.000000000000000000e+00 0.000000000000000000e+00 4.432145501594480841e-06 0.000000000000000000e+00
8.741604619942908982e+01 0.000000000000000000e+00 0.000000000000000000e+00 3.688309424684304153e-06 0.000000000000000000e+00
1.063015653526535687e+02 0.000000000000000000e+00 0.000000000000000000e+00 3.084977479753547450e-06 0.000000000000000000e+00
1.292671458812591823e+02 0.000000000000000000e+00 0.000000000000000000e+00 2.669288140577517411e-06 0.000000000000000000e+00
1.571942515507803080e+02 0.000000000000000000e+00 0.000000000000000000e+00 2.270374906514826337e-06 0.000000000000000000e+00
1.911547791370583127e+02 0.000000000000000000e+00 0.000000000000000000e+00 1.722549139949118075e-06 0.000000000000000000e+00
2.324521999147883946e+02 0.000000000000000000e+00 0.000000000000000000e+00 1.257936037464369320e-06 0.000000000000000000e+00
2.826715894269234468e+02 0.000000000000000000e+00 0.000000000000000000e+00 1.017988637408585828e-06 0.000000000000000000e+00
3.437404657750449246e+02 0.000000000000000000e+00 0.000000000000000000e+00 7.378332918399891373e-07 0.000000000000000000e+00
4.180027715229267073e+02 0.000000000000000000e+00 0.000000000000000000e+00 5.579627664093473359e-07 0.000000000000000000e+00
5.083088387830212014e+02 0.000000000000000000e+00 0.000000000000000000e+00 4.078418544632419283e-07 0.000000000000000000e+00
6.181247905213276681e+02 0.000000000000000000e+00 0.000000000000000000e+00 3.059586227199183412e-07 0.000000000000000000e+00
7.516655771160627637e+02 0.000000000000000000e+00 0.000000000000000000e+00 2.293872870322195684e-07 0.000000000000000000e+00
9.140567543726903068e+02 0.000000000000000000e+00 0.000000000000000000e+00 1.741253614726311944e-07 0.000000000000000000e+00
