2.223062424702014184e+01 0.000000000000000000e+00 0.000000000000000000e+00 1.038453837695436953e-06 3.275507661820245920e-08
2.703336811680613749e+01 0.000000000000000000e+00 0.000000000000000000e+00 1.153801018584999449e-06 3.275507661820245920e-08
3.287370537229559631e+01 0.000000000000000000e+00 0.000000000000000000e+00 1.259900727450835605e-06 3.275507661820245920e-08
3.997579954651146039e+01 0.000000000000000000e+00 0.000000000000000000e+00 1.347975623704032857e-06 3.275507661820245920e-08
4.861224286355134439e+01 0.000000000000000000e+00 0.000000000000000000e+00 1.407805566391085449e-06 3.275507661820245920e-08
5.911451885972652320e+01 0.000000000000000000e+00 0.000000000000000000e+00 1.428454460159082464e-06 3.275507661820245920e-08
7.188572536810676183e+01 0.000000000000000000e+00 0.000000000000000000e+00 1.399556409856571243e-06 3.275507661820245920e-08
8.741604619942908982e+01 0.000000000000000000e+00 0.000000000000000000e+00 1.314085930187285380e-06 3.275507661820245920e-08
1.063015653526535687e+02 0.000000000000000000e+00 0.000000000000000000e+00 1.173366989616266087e-06 3.275507661820245920e-08
1.292671458812591823e+02 0.000000000000000000e+00 0.000000000000000000e+00 9.924459704004425703e-07 3.275507661820245920e-08
1.571942515507803080e+02 0.000000000000000000e+00 0.000000000000000000e+00 8.023900213628687530e-07 3.275507661820245920e-08
1.911547791370583127e+02 0.000000000000000000e+00 0.000000000000000000e+00 6.415885430850506562e-07 3.275507661820245920e-08
2.324521999147883946e+02 0.000000000000000000e+00 0.000000000000000000e+00 5.316447824253949250e-07 3.275507661820245920e-08
2.826715894269234468e+02 0.000000000000000000e+00 0.000000000000000000e+00 4.531122227446194897e-07 3.275507661820245920e-08
3.437404657750449246e+02 0.000000000000000000e+00 0.000000000000000000e+00 3.561412546663148226e-07 3.275507661820245920e-08
4.180027715229267073e+02 0.000000000000000000e+00 0.000000000000000000e+00 2.469255561523294269e-07 3.275507661820245920e-08
5.083088387830212014e+02 0.000000000000000000e+00 0.000000000000000000e+00 1.859955332996742680e-07 3.275507661820245920e-08
6.181247905213276681e+02 0.000000000000000000e+00 0.000000000000000000e+00 1.413411492428820979e-07 3.275507661820245920e-08
7.516655771160627637e+02 0.000000000000000000e+00 0.000000000000000000e+00 9.661951967913378841e-08 3.275507661820245920e-08
9.140567543726903068e+02 0.000000000000000000e+00 0.000000000000000000e+00 7.027881026527247066e-08 3.275507661820245920e-08
