2.223062424702014184e+01 0.000000000000000000e+00 0.000000000000000000e+00 4.842034123144637930e-05 3.311957808585280372e-08
2.703336811680613749e+01 0.000000000000000000e+00 0.000000000000000000e+00 3.943106806510584080e-05 3.311957808585280372e-08
3.287370537229559631e+01 0.000000000000000000e+00 0.000000000000000000e+00 3.174451698153279175e-05 3.311957808585280372e-08
3.997579954651146039e+01 0.000000000000000000e+00 0.000000000000000000e+00 2.550426802497437499e-05 3.311957808585280372e-08
4.861224286355134439e+01 0.000000000000000000e+00 0.000000000000000000e+00 2.035480767220728104e-05 3.311957808585280372e-08
5.911451885972652320e+01 0.000000000000000000e+00 0.000000000000000000e+00 1.585688901990062625e-05 3.311957808585280372e-08
7.188572536810676183e+01 0.000000000000000000e+00 0.000000000000000000e+00 1.196428139590021594e-05 3.311957808585280372e-08
8.741604619942908982e+01 0.000000000000000000e+00 0.000000000000000000e+00 8.956617667175812450e-06 3.311957808585280372e-08
1.063015653526535687e+02 0.000000000000000000e+00 0.000000000000000000e+00 6.792970663473308461e-06 3.311957808585280372e-08
1.292671458812591823e+02 0.000000000000000000e+00 0.000000000000000000e+00 5.130645825514167796e-06 3.311957808585280372e-08
1.571942515507803080e+02 0.000000000000000000e+00 0.000000000000000000e+00 3.878535366769985956e-06 3.311957808585280372e-08
1.911547791370583127e+02 0.000000000000000000e+00 0.000000000000000000e+00 2.969946089639350993e-06 3.311957808585280372e-08
2.324521999147883946e+02 0.000000000000000000e+00 0.000000000000000000e+00 2.295439122577659011e-06 3.311957808585280372e-08
2.826715894269234468e+02 0.000000000000000000e+00 0.000000000000000000e+00 1.795817875610385035e-06 3.311957808585280372e-08
3.437404657750449246e+02 0.000000000000000000e+00 0.000000000000000000e+00 1.419249107054929924e-06 3.311957808585280372e-08
4.180027715229267073e+02 0.000000000000000000e+00 0.000000000000000000e+00 1.130553119440330614e-06 3.311957808585280372e-08
5.083088387830212014e+02 0.000000000000000000e+00 0.000000000000000000e+00 9.035748694832809123e-07 3.311957808585280372e-08
6.181247905213276681e+02 0.000000000000000000e+00 0.000000000000000000e+00 7.220247755137747291e-07 3.311957808585280372e-08
7.516655771160627637e+02 0.000000000000000000e+00 0.000000000000000000e+00 5.738319809917118720e-07 3.311957808585280372e-08
9.140567543726903068e+02 0.000000000000000000e+00 0.000000000000000000e+00 4.521596827230549101e-07 3.311957808585280372e-08
