2.223062424702014184e+01 0.000000000000000000e+00 0.000000000000000000e+00 7.293413615656407617e-06 3.255888593234118926e-08
2.703336811680613749e+01 0.000000000000000000e+00 0.000000000000000000e+00 7.668658875628335767e-06 3.255888593234118926e-08
3.287370537229559631e+01 0.000000000000000000e+00 0.000000000000000000e+00 7.844258294512026464e-06 3.255888593234118926e-08
3.997579954651146039e+01 0.000000000000000000e+00 0.000000000000000000e+00 7.761576757427367731e-06 3.255888593234118926e-08
4.861224286355134439e+01 0.000000000000000000e+00 0.000000000000000000e+00 7.375128482079215049e-06 3.255888593234118926e-08
5.911451885972652320e+01 0.000000000000000000e+00 0.000000000000000000e+00 6.677115472672319058e-06 3.255888593234118926e-08
7.188572536810676183e+01 0.000000000000000000e+00 0.000000000000000000e+00 5.727527523162990954e-06 3.255888593234118926e-08
8.741604619942908982e+01 0.000000000000000000e+00 0.000000000000000000e+00 4.675610246379963597e-06 3.255888593234118926e-08
1.063015653526535687e+02 0.000000000000000000e+00 0.000000000000000000e+00 3.731578770833744534e-06 3.255888593234118926e-08
1.292671458812591823e+02 0.000000000000000000e+00 0.000000000000000000e+00 3.050603375451356885e-06 3.255888593234118926e-08
1.571942515507803080e+02 0.000000000000000000e+00 0.000000000000000000e+00 2.599498410864011094e-06 3.255888593234118926e-08
1.911547791370583127e+02 0.000000000000000000e+00 0.000000000000000000e+00 2.119704541177450931e-06 3.255888593234118926e-08
2.324521999147883946e+02 0.000000000000000000e+00 0.000000000000000000e+00 1.510221487923775483e-06 3.255888593234118926e-08
2.826715894269234468e+02 0.000000000000000000e+00 0.000000000000000000e+00 1.093673763607049049e-06 3.255888593234118926e-08
3.437404657750449246e+02 0.000000000000000000e+00 0.000000000000000000e+00 8.692556668626648256e-07 3.255888593234118926e-08
4.180027715229267073e+02 0.000000000000000000e+00 0.000000000000000000e+00 5.977404260806822319e-07 3.255888593234118926e-08
5.083088387830212014e+02 0.000000000000000000e+00 0.000000000000000000e+00 4.490757568153513265e-07 3.255888593234118926e-08
6.181247905213276681e+02 0.000000000000000000e+00 0.000000000000000000e+00 3.170662239338565011e-07 3.255888593234118926e-08
7.516655771160627637e+02 0.000000000000000000e+00 0.000000000000000000e+00 2.303165757238265826e-07 3.255888593234118926e-08
9.140567543726903068e+02 0.000000000000000000e+00 0.000000000000000000e+00 1.677980975481646370e-07 3.255888593234118926e-08
