2.223062424702014184e+01 0.000000000000000000e+00 0.000000000000000000e+00 9.628550858525161121e-06 3.255052986598870769e-08
2.703336811680613749e+01 0.000000000000000000e+00 0.000000000000000000e+00 1.048780161081148160e-05 3.255052986598870769e-08
3.287370537229559631e+01 0.000000000000000000e+00 0.000000000000000000e+00 1.116042330250828154e-05 3.255052986598870769e-08
3.997579954651146039e+01 0.000000000000000000e+00 0.000000000000000000e+00 1.153747978489250634e-05 3.255052986598870769e-08
4.861224286355134439e+01 0.000000000000000000e+00 0.000000000000000000e+00 1.150459878693971823e-05 3.255052986598870769e-08
5.911451885972652320e+01 0.000000000000000000e+00 0.000000000000000000e+00 1.097407714809191091e-05 3.255052986598870769e-08
7.188572536810676183e+01 0.000000000000000000e+00 0.000000000000000000e+00 9.941157665517928309e-06 3.255052986598870769e-08
8.741604619942908982e+01 0.000000000000000000e+00 0.000000000000000000e+00 8.549899548796246259e-06 3.255052986598870769e-08
1.063015653526535687e+02 0.000000000000000000e+00 0.000000000000000000e+00 7.103034378655710641e-06 3.255052986598870769e-08
1.292671458812591823e+02 0.000000000000000000e+00 0.000000000000000000e+00 5.938696793790175973e-06 3.255052986598870769e-08
1.571942515507803080e+02 0.000000000000000000e+00 0.000000000000000000e+00 5.153251568740529494e-06 3.255052986598870769e-08
1.911547791370583127e+02 0.000000000000000000e+00 0.000000000000000000e+00 4.394721927141174197e-06 3.255052986598870769e-08
2.324521999147883946e+02 0.000000000000000000e+00 0.000000000000000000e+00 3.307361602784980298e-06 3.255052986598870769e-08
2.826715894269234468e+02 0.000000000000000000e+00 0.000000000000000000e+00 2.397557563602847362e-06 3.255052986598870769e-08
3.437404657750449246e+02 0.000000000000000000e+00 0.000000000000000000e+00 1.964691779304885638e-06 3.255052986598870769e-08
4.180027715229267073e+02 0.000000000000000000e+00 0.000000000000000000e+00 1.391464903949764483e-06 3.255052986598870769e-08
5.083088387830212014e+02 0.000000000000000000e+00 0.000000000000000000e+00 1.063727516917665065e-06 3.255052986598870769e-08
6.181247905213276681e+02 0.000000000000000000e+00 0.000000000000000000e+00 7.588219084160238327e-07 3.255052986598870769e-08
7.516655771160627637e+02 0.000000000000000000e+00 0.000000000000000000e+00 5.646021493313199285e-07 3.255052986598870769e-08
9.140567543726903068e+02 0.000000000000000000e+00 0.000000000000000000e+00 4.181956304848941776e-07 3.255052986598870769e-08
