2.223062424702014184e+01 0.000000000000000000e+00 0.000000000000000000e+00 2.399057487305425211e-09 2.228527472463411751e-09
2.703336811680613749e+01 0.000000000000000000e+00 0.000000000000000000e+00 1.920756265436453270e-09 2.228527472463411751e-09
3.287370537229559631e+01 0.000000000000000000e+00 0.000000000000000000e+00 1.521470638754021645e-09 2.228527472463411751e-09
3.997579954651146039e+01 0.000000000000000000e+00 0.000000000000000000e+00 1.194753140092957898e-09 2.228527472463411751e-09
4.861224286355134439e+01 0.000000000000000000e+00 0.000000000000000000e+00 9.348729509963146545e-10 2.228527472463411751e-09
5.911451885972652320e+01 0.000000000000000000e+00 0.000000000000000000e+00 7.331480215702402304e-10 2.228527472463411751e-09
7.188572536810676183e+01 0.000000000000000000e+00 0.000000000000000000e+00 5.777805670862105906e-10 2.228527472463411751e-09
8.741604619942908982e+01 0.000000000000000000e+00 0.000000000000000000e+00 4.577196726987680750e-10 2.228527472463411751e-09
1.063015653526535687e+02 0.000000000000000000e+00 0.000000000000000000e+00 3.648613395389652427e-10 2.228527472463411751e-09
1.292671458812591823e+02 0.000000000000000000e+00 0.000000000000000000e+00 2.926417419853716414e-10 2.228527472463411751e-09
1.571942515507803080e+02 0.000000000000000000e+00 0.000000000000000000e+00 2.356740622797251389e-10 2.228527472463411751e-09
1.911547791370583127e+02 0.000000000000000000e+00 0.000000000000000000e+00 1.900451834415003337e-10 2.228527472463411751e-09
2.324521999147883946e+02 0.000000000000000000e+00 0.000000000000000000e+00 1.529194650834312671e-10 2.228527472463411751e-09
2.826715894269234468e+02 0.000000000000000000e+00 0.000000000000000000e+00 1.222935173292756633e-10 2.228527472463411751e-09
3.437404657750449246e+02 0.000000000000000000e+00 0.000000000000000000e+00 9.691323341176943935e-11 2.228527472463411751e-09
4.180027715229267073e+02 0.000000000000000000e+00 0.000000000000000000e+00 7.575163668279372705e-11 2.228527472463411751e-09
5.083088387830212014e+02 0.000000000000000000e+00 0.000000000000000000e+00 5.838333468127317263e-11 2.228527472463411751e-09
6.181247905213276681e+02 0.000000000000000000e+00 0.000000000000000000e+00 4.415458803427689403e-11 2.228527472463411751e-09
7.516655771160627637e+02 0.000000000000000000e+00 0.000000000000000000e+00 3.276194287748275968e-11 2.228527472463411751e-09
9.140567543726903068e+02 0.000000000000000000e+00 0.000000000000000000e+00 2.383706381967826810e-11 2.228527472463411751e-09
