2.223062424702014184e+01 0.000000000000000000e+00 0.000000000000000000e+00 1.740094183549360813e-08 2.200990875465877361e-09
2.703336811680613749e+01 0.000000000000000000e+00 0.000000000000000000e+00 1.462420218137602096e-08 2.200990875465877361e-09
3.287370537229559631e+01 0.000000000000000000e+00 0.000000000000000000e+00 1.202567026445179943e-08 2.200990875465877361e-09
3.997579954651146039e+01 0.000000000000000000e+00 0.000000000000000000e+00 9.720622205042506414e-09 2.200990875465877361e-09
4.861224286355134439e+01 0.000000000000000000e+00 0.000000000000000000e+00 7.763746656585716282e-09 2.200990875465877361e-09
5.911451885972652320e+01 0.000000000000000000e+00 0.000000000000000000e+00 6.146895431939693509e-09 2.200990875465877361e-09
7.188572536810676183e+01 0.000000000000000000e+00 0.000000000000000000e+00 4.816601924997436037e-09 2.200990875465877361e-09
8.741604619942908982e+01 0.000000000000000000e+00 0.000000000000000000e+00 3.717576576254189486e-09 2.200990875465877361e-09
1.063015653526535687e+02 0.000000000000000000e+00 0.000000000000000000e+00 2.822593426502138203e-09 2.200990875465877361e-09
1.292671458812591823e+02 0.000000000000000000e+00 0.000000000000000000e+00 2.126778877978950380e-09 2.200990875465877361e-09
1.571942515507803080e+02 0.000000000000000000e+00 0.000000000000000000e+00 1.609734257164267216e-09 2.200990875465877361e-09
1.911547791370583127e+02 0.000000000000000000e+00 0.000000000000000000e+00 1.224428333877193522e-09 2.200990875465877361e-09
2.324521999147883946e+02 0.000000000000000000e+00 0.000000000000000000e+00 9.337678688655515640e-10 2.200990875465877361e-09
2.826715894269234468e+02 0.000000000000000000e+00 0.000000000000000000e+00 7.186306172670135576e-10 2.200990875465877361e-09
3.437404657750449246e+02 0.000000000000000000e+00 0.000000000000000000e+00 5.581619145454154645e-10 2.200990875465877361e-09
4.180027715229267073e+02 0.000000000000000000e+00 0.000000000000000000e+00 4.371406914981753856e-10 2.200990875465877361e-09
5.083088387830212014e+02 0.000000000000000000e+00 0.000000000000000000e+00 3.445027397306664814e-10 2.200990875465877361e-09
6.181247905213276681e+02 0.000000000000000000e+00 0.000000000000000000e+00 2.725167969041482611e-10 2.200990875465877361e-09
7.516655771160627637e+02 0.000000000000000000e+00 0.000000000000000000e+00 2.154846000447032521e-10 2.200990875465877361e-09
9.140567543726903068e+02 0.000000000000000000e+00 0.000000000000000000e+00 1.697931498566627686e-10 2.200990875465877361e-09
