2.223062424702014184e+01 0.000000000000000000e+00 0.000000000000000000e+00 1.570444479166125747e-08 2.200910444393931196e-09
2.703336811680613749e+01 0.000000000000000000e+00 0.000000000000000000e+00 1.319347707114694361e-08 2.200910444393931196e-09
3.287370537229559631e+01 0.000000000000000000e+00 0.000000000000000000e+00 1.090727105612889801e-08 2.200910444393931196e-09
3.997579954651146039e+01 0.000000000000000000e+00 0.000000000000000000e+00 8.903910547772010822e-09 2.200910444393931196e-09
4.861224286355134439e+01 0.000000000000000000e+00 0.000000000000000000e+00 7.199607505426058884e-09 2.200910444393931196e-09
5.911451885972652320e+01 0.000000000000000000e+00 0.000000000000000000e+00 5.747684383162318325e-09 2.200910444393931196e-09
7.188572536810676183e+01 0.000000000000000000e+00 0.000000000000000000e+00 4.516502154266517496e-09 2.200910444393931196e-09
8.741604619942908982e+01 0.000000000000000000e+00 0.000000000000000000e+00 3.506388541375997616e-09 2.200910444393931196e-09
1.063015653526535687e+02 0.000000000000000000e+00 0.000000000000000000e+00 2.715138312505008448e-09 2.200910444393931196e-09
1.292671458812591823e+02 0.000000000000000000e+00 0.000000000000000000e+00 2.111974905084412468e-09 2.200910444393931196e-09
1.571942515507803080e+02 0.000000000000000000e+00 0.000000000000000000e+00 1.647657546091512379e-09 2.200910444393931196e-09
1.911547791370583127e+02 0.000000000000000000e+00 0.000000000000000000e+00 1.291302768193539297e-09 2.200910444393931196e-09
2.324521999147883946e+02 0.000000000000000000e+00 0.000000000000000000e+00 1.020590838069999972e-09 2.200910444393931196e-09
2.826715894269234468e+02 0.000000000000000000e+00 0.000000000000000000e+00 8.122332135448137826e-10 2.200910444393931196e-09
3.437404657750449246e+02 0.000000000000000000e+00 0.000000000000000000e+00 6.501219586106972930e-10 2.200910444393931196e-09
4.180027715229267073e+02 0.000000000000000000e+00 0.000000000000000000e+00 5.217429343042160396e-10 2.200910444393931196e-09
5.083088387830212014e+02 0.000000000000000000e+00 0.000000000000000000e+00 4.184511652477479416e-10 2.200910444393931196e-09
6.181247905213276681e+02 0.000000000000000000e+00 0.000000000000000000e+00 3.339836981653849621e-10 2.200910444393931196e-09
7.516655771160627637e+02 0.000000000000000000e+00 0.000000000000000000e+00 2.642324922978215124e-10 2.200910444393931196e-09
9.140567543726903068e+02 0.000000000000000000e+00 0.000000000000000000e+00 2.065264927655776814e-10 2.200910444393931196e-09
