2.223062424702014184e+01 0.000000000000000000e+00 0.000000000000000000e+00 6.437583053576545908e-09 2.200747650640901142e-09
2.703336811680613749e+01 0.000000000000000000e+00 0.000000000000000000e+00 5.179136120601587417e-09 2.200747650640901142e-09
3.287370537229559631e+01 0.000000000000000000e+00 0.000000000000000000e+00 4.122537412416174257e-09 2.200747650640901142e-09
3.997579954651146039e+01 0.000000000000000000e+00 0.000000000000000000e+00 3.251416704752934832e-09 2.200747650640901142e-09
4.861224286355134439e+01 0.000000000000000000e+00 0.000000000000000000e+00 2.535016765533927055e-09 2.200747650640901142e-09
5.911451885972652320e+01 0.000000000000000000e+00 0.000000000000000000e+00 1.948184652772170941e-09 2.200747650640901142e-09
7.188572536810676183e+01 0.000000000000000000e+00 0.000000000000000000e+00 1.479528643061391206e-09 2.200747650640901142e-09
8.741604619942908982e+01 0.000000000000000000e+00 0.000000000000000000e+00 1.121052623003109673e-09 2.200747650640901142e-09
1.063015653526535687e+02 0.000000000000000000e+00 0.000000000000000000e+00 8.541451788323282999e-10 2.200747650640901142e-09
1.292671458812591823e+02 0.000000000000000000e+00 0.000000000000000000e+00 6.542714357902105385e-10 2.200747650640901142e-09
1.571942515507803080e+02 0.000000000000000000e+00 0.000000000000000000e+00 5.042486932755728222e-10 2.200747650640901142e-09
1.911547791370583127e+02 0.000000000000000000e+00 0.000000000000000000e+00 3.924614792046522272e-10 2.200747650640901142e-09
2.324521999147883946e+02 0.000000000000000000e+00 0.000000000000000000e+00 3.081592254926512055e-10 2.200747650640901142e-09
2.826715894269234468e+02 0.000000000000000000e+00 0.000000000000000000e+00 2.439439540625310103e-10 2.200747650640901142e-09
3.437404657750449246e+02 0.000000000000000000e+00 0.000000000000000000e+00 1.939399648598633552e-10 2.200747650640901142e-09
4.180027715229267073e+02 0.000000000000000000e+00 0.000000000000000000e+00 1.544624365882603878e-10 2.200747650640901142e-09
5.083088387830212014e+02 0.000000000000000000e+00 0.000000000000000000e+00 1.227092967719136671e-10 2.200747650640901142e-09
6.181247905213276681e+02 0.000000000000000000e+00 0.000000000000000000e+00 9.683785996625066014e-11 2.200747650640901142e-09
7.516655771160627637e+02 0.000000000000000000e+00 0.000000000000000000e+00 7.572226848090936835e-11 2.200747650640901142e-09
9.140567543726903068e+02 0.000000000000000000e+00 0.000000000000000000e+00 5.848305058990246211e-11 2.200747650640901142e-09
