2.223062424702014184e+01 0.000000000000000000e+00 0.000000000000000000e+00 4.077223619464256987e-06 3.255571044791534770e-08
2.703336811680613749e+01 0.000000000000000000e+00 0.000000000000000000e+00 4.396217236989972927e-06 3.255571044791534770e-08
3.287370537229559631e+01 0.000000000000000000e+00 0.000000000000000000e+00 4.634994124933153281e-06 3.255571044791534770e-08
3.997579954651146039e+01 0.000000000000000000e+00 0.000000000000000000e+00 4.757482272249059706e-06 3.255571044791534770e-08
4.861224286355134439e+01 0.000000000000000000e+00 0.000000000000000000e+00 4.727615114614931350e-06 3.255571044791534770e-08
5.911451885972652320e+01 0.000000000000000000e+00 0.000000000000000000e+00 4.515745315846831326e-06 3.255571044791534770e-08
7.188572536810676183e+01 0.000000000000000000e+00 0.000000000000000000e+00 4.113042455642562371e-06 3.255571044791534770e-08
8.741604619942908982e+01 0.000000000000000000e+00 0.000000000000000000e+00 3.549612551443815799e-06 3.255571044791534770e-08
1.063015653526535687e+02 0.000000000000000000e+00 0.000000000000000000e+00 2.909639042781297280e-06 3.255571044791534770e-08
1.292671458812591823e+02 0.000000000000000000e+00 0.000000000000000000e+00 2.320232810767584268e-06 3.255571044791534770e-08
1.571942515507803080e+02 0.000000000000000000e+00 0.000000000000000000e+00 1.886817092697880653e-06 3.255571044791534770e-08
1.911547791370583127e+02 0.000000000000000000e+00 0.000000000000000000e+00 1.606642886197294229e-06 3.255571044791534770e-08
2.324521999147883946e+02 0.000000000000000000e+00 0.000000000000000000e+00 1.327312404034077066e-06 3.255571044791534770e-08
2.826715894269234468e+02 0.000000000000000000e+00 0.000000000000000000e+00 9.519347343582611034e-07 3.255571044791534770e-08
3.437404657750449246e+02 0.000000000000000000e+00 0.000000000000000000e+00 6.745073019960589440e-07 3.255571044791534770e-08
4.180027715229267073e+02 0.000000000000000000e+00 0.000000000000000000e+00 5.419719998846254610e-07 3.255571044791534770e-08
5.083088387830212014e+02 0.000000000000000000e+00 0.000000000000000000e+00 3.685393790492090810e-07 3.255571044791534770e-08
6.181247905213276681e+02 0.000000000000000000e+00 0.000000000000000000e+00 2.753680052658758860e-07 3.255571044791534770e-08
7.516655771160627637e+02 0.000000000000000000e+00 0.000000000000000000e+00 1.899755299375061431e-07 3.255571044791534770e-08
9.140567543726903068e+02 0.000000000000000000e+00 0.000000000000000000e+00 1.358507558937531154e-07 3.255571044791534770e-08
