2.223062424702014184e+01 0.000000000000000000e+00 0.000000000000000000e+00 1.644091251527445913e-09 2.238883478603649456e-09
2.703336811680613749e+01 0.000000000000000000e+00 0.000000000000000000e+00 1.290208457381588721e-09 2.238883478603649456e-09
3.287370537229559631e+01 0.000000000000000000e+00 0.000000000000000000e+00 1.002077874616823742e-09 2.238883478603649456e-09
3.997579954651146039e+01 0.000000000000000000e+00 0.000000000000000000e+00 7.704868670616740445e-10 2.238883478603649456e-09
4.861224286355134439e+01 0.000000000000000000e+00 0.000000000000000000e+00 5.886665277389103209e-10 2.238883478603649456e-09
5.911451885972652320e+01 0.000000000000000000e+00 0.000000000000000000e+00 4.499463766085935955e-10 2.238883478603649456e-09
7.188572536810676183e+01 0.000000000000000000e+00 0.000000000000000000e+00 3.458966042062794513e-10 2.238883478603649456e-09
8.741604619942908982e+01 0.000000000000000000e+00 0.000000000000000000e+00 2.677775347504102543e-10 2.238883478603649456e-09
1.063015653526535687e+02 0.000000000000000000e+00 0.000000000000000000e+00 2.088735361470581830e-10 2.238883478603649456e-09
1.292671458812591823e+02 0.000000000000000000e+00 0.000000000000000000e+00 1.643459407267262629e-10 2.238883478603649456e-09
1.571942515507803080e+02 0.000000000000000000e+00 0.000000000000000000e+00 1.302053331346562887e-10 2.238883478603649456e-09
1.911547791370583127e+02 0.000000000000000000e+00 0.000000000000000000e+00 1.038443308770702458e-10 2.238883478603649456e-09
2.324521999147883946e+02 0.000000000000000000e+00 0.000000000000000000e+00 8.291224808645855250e-11 2.238883478603649456e-09
2.826715894269234468e+02 0.000000000000000000e+00 0.000000000000000000e+00 6.611817387716894531e-11 2.238883478603649456e-09
3.437404657750449246e+02 0.000000000000000000e+00 0.000000000000000000e+00 5.242425692936385520e-11 2.238883478603649456e-09
4.180027715229267073e+02 0.000000000000000000e+00 0.000000000000000000e+00 4.123097529132046511e-11 2.238883478603649456e-09
5.083088387830212014e+02 0.000000000000000000e+00 0.000000000000000000e+00 3.206620303414673072e-11 2.238883478603649456e-09
6.181247905213276681e+02 0.000000000000000000e+00 0.000000000000000000e+00 2.459357353192258387e-11 2.238883478603649456e-09
7.516655771160627637e+02 0.000000000000000000e+00 0.000000000000000000e+00 1.856643922984274400e-11 2.238883478603649456e-09
9.140567543726903068e+02 0.000000000000000000e+00 0.000000000000000000e+00 1.377791423459381060e-11 2.238883478603649456e-09
