2.223062424702014184e+01 0.000000000000000000e+00 0.000000000000000000e+00 3.585433238323584295e-05 3.255543861894823311e-08
2.703336811680613749e+01 0.000000000000000000e+00 0.000000000000000000e+00 3.316041749221927703e-05 3.255543861894823311e-08
3.287370537229559631e+01 0.000000000000000000e+00 0.000000000000000000e+00 2.920454235136875121e-05 3.255543861894823311e-08
3.997579954651146039e+01 0.000000000000000000e+00 0.000000000000000000e+00 2.472399023376385980e-05 3.255543861894823311e-08
4.861224286355134439e+01 0.000000000000000000e+00 0.000000000000000000e+00 2.065807387907190150e-05 3.255543861894823311e-08
5.911451885972652320e+01 0.000000000000000000e+00 0.000000000000000000e+00 1.753916213404197027e-05 3.255543861894823311e-08
7.188572536810676183e+01 0.000000000000000000e+00 0.000000000000000000e+00 1.495567695944853166e-05 3.255543861894823311e-08
8.741604619942908982e+01 0.000000000000000000e+00 0.000000000000000000e+00 1.205365808645221575e-05 3.255543861894823311e-08
1.063015653526535687e+02 0.000000000000000000e+00 0.000000000000000000e+00 9.062819540584242687e-06 3.255543861894823311e-08
1.292671458812591823e+02 0.000000000000000000e+00 0.000000000000000000e+00 6.966456679056072949e-06 3.255543861894823311e-08
1.571942515507803080e+02 0.000000000000000000e+00 0.000000000000000000e+00 5.430937970449649398e-06 3.255543861894823311e-08
1.911547791370583127e+02 0.000000000000000000e+00 0.000000000000000000e+00 4.059098884740765463e-06 3.255543861894823311e-08
2.324521999147883946e+02 0.000000000000000000e+00 0.000000000000000000e+00 3.099390404368045819e-06 3.255543861894823311e-08
2.826715894269234468e+02 0.000000000000000000e+00 0.000000000000000000e+00 2.358131700464174617e-06 3.255543861894823311e-08
3.437404657750449246e+02 0.000000000000000000e+00 0.000000000000000000e+00 1.819888193551176815e-06 3.255543861894823311e-08
4.180027715229267073e+02 0.000000000000000000e+00 0.000000000000000000e+00 1.422660388821694420e-06 3.255543861894823311e-08
5.083088387830212014e+02 0.000000000000000000e+00 0.000000000000000000e+00 1.129287464136851919e-06 3.255543861894823311e-08
6.181247905213276681e+02 0.000000000000000000e+00 0.000000000000000000e+00 9.088324105301757358e-07 3.255543861894823311e-08
7.516655771160627637e+02 0.000000000000000000e+00 0.000000000000000000e+00 7.386168239443819630e-07 3.255543861894823311e-08
9.140567543726903068e+02 0.000000000000000000e+00 0.000000000000000000e+00 6.027944403552986890e-07 3.255543861894823311e-08
