2.223062424702014184e+01 0.000000000000000000e+00 0.000000000000000000e+00 7.527879042506098645e-08 2.214243179390486276e-09
2.703336811680613749e+01 0.000000000000000000e+00 0.000000000000000000e+00 7.049268812889677665e-08 2.214243179390486276e-09
3.287370537229559631e+01 0.000000000000000000e+00 0.000000000000000000e+00 6.446490101256974403e-08 2.214243179390486276e-09
3.997579954651146039e+01 0.000000000000000000e+00 0.000000000000000000e+00 5.748800123781250241e-08 2.214243179390486276e-09
4.861224286355134439e+01 0.000000000000000000e+00 0.000000000000000000e+00 4.995391743692568200e-08 2.214243179390486276e-09
5.911451885972652320e+01 0.000000000000000000e+00 0.000000000000000000e+00 4.231493621985093998e-08 2.214243179390486276e-09
7.188572536810676183e+01 0.000000000000000000e+00 0.000000000000000000e+00 3.502129902688152273e-08 2.214243179390486276e-09
8.741604619942908982e+01 0.000000000000000000e+00 0.000000000000000000e+00 2.844002767696528554e-08 2.214243179390486276e-09
1.063015653526535687e+02 0.000000000000000000e+00 0.000000000000000000e+00 2.278296619524469623e-08 2.214243179390486276e-09
1.292671458812591823e+02 0.000000000000000000e+00 0.000000000000000000e+00 1.807485266915063564e-08 2.214243179390486276e-09
1.571942515507803080e+02 0.000000000000000000e+00 0.000000000000000000e+00 1.419258793762055419e-08 2.214243179390486276e-09
1.911547791370583127e+02 0.000000000000000000e+00 0.000000000000000000e+00 1.096981452754116417e-08 2.214243179390486276e-09
2.324521999147883946e+02 0.000000000000000000e+00 0.000000000000000000e+00 8.315037072003723685e-09 2.214243179390486276e-09
2.826715894269234468e+02 0.000000000000000000e+00 0.000000000000000000e+00 6.212945290198608591e-09 2.214243179390486276e-09
3.437404657750449246e+02 0.000000000000000000e+00 0.000000000000000000e+00 4.639880820483177124e-09 2.214243179390486276e-09
4.180027715229267073e+02 0.000000000000000000e+00 0.000000000000000000e+00 3.475489701274093339e-09 2.214243179390486276e-09
5.083088387830212014e+02 0.000000000000000000e+00 0.000000000000000000e+00 2.596222262382396065e-09 2.214243179390486276e-09
6.181247905213276681e+02 0.000000000000000000e+00 0.000000000000000000e+00 1.947337998409889824e-09 2.214243179390486276e-09
7.516655771160627637e+02 0.000000000000000000e+00 0.000000000000000000e+00 1.470997260612746428e-09 2.214243179390486276e-09
9.140567543726903068e+02 0.000000000000000000e+00 0.000000000000000000e+00 1.118149367905056734e-09 2.214243179390486276e-09
