2.223062424702014184e+01 0.000000000000000000e+00 0.000000000000000000e+00 1.909979686417243486e-06 6.510682548750003625e-09
2.703336811680613749e+01 0.000000000000000000e+00 0.000000000000000000e+00 2.083621159243786288e-06 6.510682548750003625e-09
3.287370537229559631e+01 0.000000000000000000e+00 0.000000000000000000e+00 2.221852091077173405e-06 6.510682548750003625e-09
3.997579954651146039e+01 0.000000000000000000e+00 0.000000000000000000e+00 2.303667294645309733e-06 6.510682548750003625e-09
4.861224286355134439e+01 0.000000000000000000e+00 0.000000000000000000e+00 2.307147893177181812e-06 6.510682548750003625e-09
5.911451885972652320e+01 0.000000000000000000e+00 0.000000000000000000e+00 2.215564771094889518e-06 6.510682548750003625e-09
7.188572536810676183e+01 0.000000000000000000e+00 0.000000000000000000e+00 2.027593196223181495e-06 6.510682548750003625e-09
8.741604619942908982e+01 0.000000000000000000e+00 0.000000000000000000e+00 1.768615456772495370e-06 6.510682548750003625e-09
1.063015653526535687e+02 0.000000000000000000e+00 0.000000000000000000e+00 1.491591607366862024e-06 6.510682548750003625e-09
1.292671458812591823e+02 0.000000000000000000e+00 0.000000000000000000e+00 1.254355575999287020e-06 6.510682548750003625e-09
1.571942515507803080e+02 0.000000000000000000e+00 0.000000000000000000e+00 1.074664686659468374e-06 6.510682548750003625e-09
1.911547791370583127e+02 0.000000000000000000e+00 0.000000000000000000e+00 9.043352839344091060e-07 6.510682548750003625e-09
2.324521999147883946e+02 0.000000000000000000e+00 0.000000000000000000e+00 7.053563858598456178e-07 6.510682548750003625e-09
2.826715894269234468e+02 0.000000000000000000e+00 0.000000000000000000e+00 5.337655062392679591e-07 6.510682548750003625e-09
3.437404657750449246e+02 0.000000000000000000e+00 0.000000000000000000e+00 4.117463152267549462e-07 6.510682548750003625e-09
4.180027715229267073e+02 0.000000000000000000e+00 0.000000000000000000e+00 3.069458675426544321e-07 6.510682548750003625e-09
5.083088387830212014e+02 0.000000000000000000e+00 0.000000000000000000e+00 2.282275276098755031e-07 6.510682548750003625e-09
6.181247905213276681e+02 0.000000000000000000e+00 0.000000000000000000e+00 1.676551696413760532e-07 6.510682548750003625e-09
7.516655771160627637e+02 0.000000000000000000e+00 0.000000000000000000e+00 1.230602407082230558e-07 6.510682548750003625e-09
9.140567543726903068e+02 0.000000000000000000e+00 0.000000000000000000e+00 9.056678980607728482e-08 6.510682548750003625e-09
