2.223062424702014184e+01 0.000000000000000000e+00 0.000000000000000000e+00 2.914611832050590471e-08 2.200980689026264444e-09
2.703336811680613749e+01 0.000000000000000000e+00 0.000000000000000000e+00 2.541501991389788928e-08 2.200980689026264444e-09
3.287370537229559631e+01 0.000000000000000000e+00 0.000000000000000000e+00 2.160492844178517182e-08 2.200980689026264444e-09
3.997579954651146039e+01 0.000000000000000000e+00 0.000000000000000000e+00 1.793907843348593006e-08 2.200980689026264444e-09
4.861224286355134439e+01 0.000000000000000000e+00 0.000000000000000000e+00 1.460349697876551572e-08 2.200980689026264444e-09
5.911451885972652320e+01 0.000000000000000000e+00 0.000000000000000000e+00 1.171869041567143085e-08 2.200980689026264444e-09
7.188572536810676183e+01 0.000000000000000000e+00 0.000000000000000000e+00 9.311494669902659855e-09 2.200980689026264444e-09
8.741604619942908982e+01 0.000000000000000000e+00 0.000000000000000000e+00 7.331099437057574666e-09 2.200980689026264444e-09
1.063015653526535687e+02 0.000000000000000000e+00 0.000000000000000000e+00 5.695016724852062714e-09 2.200980689026264444e-09
1.292671458812591823e+02 0.000000000000000000e+00 0.000000000000000000e+00 4.344911213119284705e-09 2.200980689026264444e-09
1.571942515507803080e+02 0.000000000000000000e+00 0.000000000000000000e+00 3.267822202201429397e-09 2.200980689026264444e-09
1.911547791370583127e+02 0.000000000000000000e+00 0.000000000000000000e+00 2.455301181539117464e-09 2.200980689026264444e-09
2.324521999147883946e+02 0.000000000000000000e+00 0.000000000000000000e+00 1.855709700907242496e-09 2.200980689026264444e-09
2.826715894269234468e+02 0.000000000000000000e+00 0.000000000000000000e+00 1.403490575686885256e-09 2.200980689026264444e-09
3.437404657750449246e+02 0.000000000000000000e+00 0.000000000000000000e+00 1.066699789995216976e-09 2.200980689026264444e-09
4.180027715229267073e+02 0.000000000000000000e+00 0.000000000000000000e+00 8.187257344114066585e-10 2.200980689026264444e-09
5.083088387830212014e+02 0.000000000000000000e+00 0.000000000000000000e+00 6.332010134618602547e-10 2.200980689026264444e-09
6.181247905213276681e+02 0.000000000000000000e+00 0.000000000000000000e+00 4.935376290544981523e-10 2.200980689026264444e-09
7.516655771160627637e+02 0.000000000000000000e+00 0.000000000000000000e+00 3.869552001229455045e-10 2.200980689026264444e-09
9.140567543726903068e+02 0.000000000000000000e+00 0.000000000000000000e+00 3.040036959528482217e-10 2.200980689026264444e-09
