2.223062424702014184e+01 0.000000000000000000e+00 0.000000000000000000e+00 1.002584247876052286e-05 6.527757299332098158e-09
2.703336811680613749e+01 0.000000000000000000e+00 0.000000000000000000e+00 9.409332498621433979e-06 6.527757299332098158e-09
3.287370537229559631e+01 0.000000000000000000e+00 0.000000000000000000e+00 8.580331321074629789e-06 6.527757299332098158e-09
3.997579954651146039e+01 0.000000000000000000e+00 0.000000000000000000e+00 7.599310929281016276e-06 6.527757299332098158e-09
4.861224286355134439e+01 0.000000000000000000e+00 0.000000000000000000e+00 6.541190908623637956e-06 6.527757299332098158e-09
5.911451885972652320e+01 0.000000000000000000e+00 0.000000000000000000e+00 5.499036335779377440e-06 6.527757299332098158e-09
7.188572536810676183e+01 0.000000000000000000e+00 0.000000000000000000e+00 4.551394671779533736e-06 6.527757299332098158e-09
8.741604619942908982e+01 0.000000000000000000e+00 0.000000000000000000e+00 3.737590046690138418e-06 6.527757299332098158e-09
1.063015653526535687e+02 0.000000000000000000e+00 0.000000000000000000e+00 3.043006356965523221e-06 6.527757299332098158e-09
1.292671458812591823e+02 0.000000000000000000e+00 0.000000000000000000e+00 2.425535752002364911e-06 6.527757299332098158e-09
1.571942515507803080e+02 0.000000000000000000e+00 0.000000000000000000e+00 1.870379102212908635e-06 6.527757299332098158e-09
1.911547791370583127e+02 0.000000000000000000e+00 0.000000000000000000e+00 1.421092200396828280e-06 6.527757299332098158e-09
2.324521999147883946e+02 0.000000000000000000e+00 0.000000000000000000e+00 1.096507684975658427e-06 6.527757299332098158e-09
2.826715894269234468e+02 0.000000000000000000e+00 0.000000000000000000e+00 8.384935813016676138e-07 6.527757299332098158e-09
3.437404657750449246e+02 0.000000000000000000e+00 0.000000000000000000e+00 6.379063596993956869e-07 6.527757299332098158e-09
4.180027715229267073e+02 0.000000000000000000e+00 0.000000000000000000e+00 4.922924942925711263e-07 6.527757299332098158e-09
5.083088387830212014e+02 0.000000000000000000e+00 0.000000000000000000e+00 3.814524961231833325e-07 6.527757299332098158e-09
6.181247905213276681e+02 0.000000000000000000e+00 0.000000000000000000e+00 2.985155046294076823e-07 6.527757299332098158e-09
7.516655771160627637e+02 0.000000000000000000e+00 0.000000000000000000e+00 2.358086959673364506e-07 6.527757299332098158e-09
9.140567543726903068e+02 0.000000000000000000e+00 0.000000000000000000e+00 1.874207991835952714e-07 6.527757299332098158e-09
