2.223062424702014184e+01 0.000000000000000000e+00 0.000000000000000000e+00 4.488923063925998267e-06 3.255571044791534770e-08
2.703336811680613749e+01 0.000000000000000000e+00 0.000000000000000000e+00 4.947522417149890911e-06 3.255571044791534770e-08
3.287370537229559631e+01 0.000000000000000000e+00 0.000000000000000000e+00 5.341805084346199791e-06 3.255571044791534770e-08
3.997579954651146039e+01 0.000000000000000000e+00 0.000000000000000000e+00 5.622890832154228368e-06 3.255571044791534770e-08
4.861224286355134439e+01 0.000000000000000000e+00 0.000000000000000000e+00 5.734722267234052892e-06 3.255571044791534770e-08
5.911451885972652320e+01 0.000000000000000000e+00 0.000000000000000000e+00 5.623631151938290436e-06 3.255571044791534770e-08
7.188572536810676183e+01 0.000000000000000000e+00 0.000000000000000000e+00 5.258962274181612453e-06 3.255571044791534770e-08
8.741604619942908982e+01 0.000000000000000000e+00 0.000000000000000000e+00 4.664256181818881531e-06 3.255571044791534770e-08
1.063015653526535687e+02 0.000000000000000000e+00 0.000000000000000000e+00 3.945120157600320935e-06 3.255571044791534770e-08
1.292671458812591823e+02 0.000000000000000000e+00 0.000000000000000000e+00 3.269873185350403822e-06 3.255571044791534770e-08
1.571942515507803080e+02 0.000000000000000000e+00 0.000000000000000000e+00 2.773368961565712925e-06 3.255571044791534770e-08
1.911547791370583127e+02 0.000000000000000000e+00 0.000000000000000000e+00 2.417805996487364656e-06 3.255571044791534770e-08
2.324521999147883946e+02 0.000000000000000000e+00 0.000000000000000000e+00 1.977593872520290973e-06 3.255571044791534770e-08
2.826715894269234468e+02 0.000000000000000000e+00 0.000000000000000000e+00 1.427835444598389969e-06 3.255571044791534770e-08
3.437404657750449246e+02 0.000000000000000000e+00 0.000000000000000000e+00 1.091500412796314585e-06 3.255571044791534770e-08
4.180027715229267073e+02 0.000000000000000000e+00 0.000000000000000000e+00 8.636104501714940822e-07 3.255571044791534770e-08
5.083088387830212014e+02 0.000000000000000000e+00 0.000000000000000000e+00 6.037821459643850968e-07 3.255571044791534770e-08
6.181247905213276681e+02 0.000000000000000000e+00 0.000000000000000000e+00 4.596032831925790389e-07 3.255571044791534770e-08
7.516655771160627637e+02 0.000000000000000000e+00 0.000000000000000000e+00 3.314298801018192220e-07 3.255571044791534770e-08
9.140567543726903068e+02 0.000000000000000000e+00 0.000000000000000000e+00 2.407822636479986999e-07 3.255571044791534770e-08
