2.223062424702014184e+01 0.000000000000000000e+00 0.000000000000000000e+00 1.890408334645087259e-05 3.255784681056110812e-08
2.703336811680613749e+01 0.000000000000000000e+00 0.000000000000000000e+00 1.840879821435765576e-05 3.255784681056110812e-08
3.287370537229559631e+01 0.000000000000000000e+00 0.000000000000000000e+00 1.716793245294732077e-05 3.255784681056110812e-08
3.997579954651146039e+01 0.000000000000000000e+00 0.000000000000000000e+00 1.523087181948880884e-05 3.255784681056110812e-08
4.861224286355134439e+01 0.000000000000000000e+00 0.000000000000000000e+00 1.283446484055142950e-05 3.255784681056110812e-08
5.911451885972652320e+01 0.000000000000000000e+00 0.000000000000000000e+00 1.040506057348963220e-05 3.255784681056110812e-08
7.188572536810676183e+01 0.000000000000000000e+00 0.000000000000000000e+00 8.401836675900473865e-06 3.255784681056110812e-08
8.741604619942908982e+01 0.000000000000000000e+00 0.000000000000000000e+00 7.007120118060776022e-06 3.255784681056110812e-08
1.063015653526535687e+02 0.000000000000000000e+00 0.000000000000000000e+00 5.893639197324099778e-06 3.255784681056110812e-08
1.292671458812591823e+02 0.000000000000000000e+00 0.000000000000000000e+00 4.568209927751252852e-06 3.255784681056110812e-08
1.571942515507803080e+02 0.000000000000000000e+00 0.000000000000000000e+00 3.262012739081368534e-06 3.255784681056110812e-08
1.911547791370583127e+02 0.000000000000000000e+00 0.000000000000000000e+00 2.494499359343990146e-06 3.255784681056110812e-08
2.324521999147883946e+02 0.000000000000000000e+00 0.000000000000000000e+00 1.887547208271843016e-06 3.255784681056110812e-08
2.826715894269234468e+02 0.000000000000000000e+00 0.000000000000000000e+00 1.358591409921559426e-06 3.255784681056110812e-08
3.437404657750449246e+02 0.000000000000000000e+00 0.000000000000000000e+00 1.014450075213318513e-06 3.255784681056110812e-08
4.180027715229267073e+02 0.000000000000000000e+00 0.000000000000000000e+00 7.477940103388194678e-07 3.255784681056110812e-08
5.083088387830212014e+02 0.000000000000000000e+00 0.000000000000000000e+00 5.588708880996272934e-07 3.255784681056110812e-08
6.181247905213276681e+02 0.000000000000000000e+00 0.000000000000000000e+00 4.235456378109353740e-07 3.255784681056110812e-08
7.516655771160627637e+02 0.000000000000000000e+00 0.000000000000000000e+00 3.258683385738145278e-07 3.255784681056110812e-08
9.140567543726903068e+02 0.000000000000000000e+00 0.000000000000000000e+00 2.544660941104327085e-07 3.255784681056110812e-08
