2.223062424702014184e+01 0.000000000000000000e+00 0.000000000000000000e+00 2.304842959738099426e-08 2.200022287249439676e-09
2.703336811680613749e+01 0.000000000000000000e+00 0.000000000000000000e+00 1.978334046083549960e-08 2.200022287249439676e-09
3.287370537229559631e+01 0.000000000000000000e+00 0.000000000000000000e+00 1.663867348721638465e-08 2.200022287249439676e-09
3.997579954651146039e+01 0.000000000000000000e+00 0.000000000000000000e+00 1.376844731795429922e-08 2.200022287249439676e-09
4.861224286355134439e+01 0.000000000000000000e+00 0.000000000000000000e+00 1.125440458946427266e-08 2.200022287249439676e-09
5.911451885972652320e+01 0.000000000000000000e+00 0.000000000000000000e+00 9.101179624528462055e-09 2.200022287249439676e-09
7.188572536810676183e+01 0.000000000000000000e+00 0.000000000000000000e+00 7.265547746978830456e-09 2.200022287249439676e-09
8.741604619942908982e+01 0.000000000000000000e+00 0.000000000000000000e+00 5.707857544087518763e-09 2.200022287249439676e-09
1.063015653526535687e+02 0.000000000000000000e+00 0.000000000000000000e+00 4.424835253462183820e-09 2.200022287249439676e-09
1.292671458812591823e+02 0.000000000000000000e+00 0.000000000000000000e+00 3.421670738739250417e-09 2.200022287249439676e-09
1.571942515507803080e+02 0.000000000000000000e+00 0.000000000000000000e+00 2.658753454411340981e-09 2.200022287249439676e-09
1.911547791370583127e+02 0.000000000000000000e+00 0.000000000000000000e+00 2.069545331922952802e-09 2.200022287249439676e-09
2.324521999147883946e+02 0.000000000000000000e+00 0.000000000000000000e+00 1.617670019165205546e-09 2.200022287249439676e-09
2.826715894269234468e+02 0.000000000000000000e+00 0.000000000000000000e+00 1.275622816699974046e-09 2.200022287249439676e-09
3.437404657750449246e+02 0.000000000000000000e+00 0.000000000000000000e+00 1.012413984008004157e-09 2.200022287249439676e-09
4.180027715229267073e+02 0.000000000000000000e+00 0.000000000000000000e+00 8.084548744486812658e-10 2.200022287249439676e-09
5.083088387830212014e+02 0.000000000000000000e+00 0.000000000000000000e+00 6.475101268056478122e-10 2.200022287249439676e-09
6.181247905213276681e+02 0.000000000000000000e+00 0.000000000000000000e+00 5.179756146786356917e-10 2.200022287249439676e-09
7.516655771160627637e+02 0.000000000000000000e+00 0.000000000000000000e+00 4.127213656398890118e-10 2.200022287249439676e-09
9.140567543726903068e+02 0.000000000000000000e+00 0.000000000000000000e+00 3.262395407852595857e-10 2.200022287249439676e-09
