2.223062424702014184e+01 0.000000000000000000e+00 0.000000000000000000e+00 1.416269145238988149e-05 3.255188168725696793e-08
2.703336811680613749e+01 0.000000000000000000e+00 0.000000000000000000e+00 1.521264067342772400e-05 3.255188168725696793e-08
3.287370537229559631e+01 0.000000000000000000e+00 0.000000000000000000e+00 1.591053463315355958e-05 3.255188168725696793e-08
3.997579954651146039e+01 0.000000000000000000e+00 0.000000000000000000e+00 1.609706438268039888e-05 3.255188168725696793e-08
4.861224286355134439e+01 0.000000000000000000e+00 0.000000000000000000e+00 1.562923465876845237e-05 3.255188168725696793e-08
5.911451885972652320e+01 0.000000000000000000e+00 0.000000000000000000e+00 1.444625281203057916e-05 3.255188168725696793e-08
7.188572536810676183e+01 0.000000000000000000e+00 0.000000000000000000e+00 1.265986656183595529e-05 3.255188168725696793e-08
8.741604619942908982e+01 0.000000000000000000e+00 0.000000000000000000e+00 1.061747429436953138e-05 3.255188168725696793e-08
1.063015653526535687e+02 0.000000000000000000e+00 0.000000000000000000e+00 8.807009511074535518e-06 3.255188168725696793e-08
1.292671458812591823e+02 0.000000000000000000e+00 0.000000000000000000e+00 7.534785152279424076e-06 3.255188168725696793e-08
1.571942515507803080e+02 0.000000000000000000e+00 0.000000000000000000e+00 6.551685888342012361e-06 3.255188168725696793e-08
1.911547791370583127e+02 0.000000000000000000e+00 0.000000000000000000e+00 5.208578300564849048e-06 3.255188168725696793e-08
2.324521999147883946e+02 0.000000000000000000e+00 0.000000000000000000e+00 3.722900701207498792e-06 3.255188168725696793e-08
2.826715894269234468e+02 0.000000000000000000e+00 0.000000000000000000e+00 2.952872610419606241e-06 3.255188168725696793e-08
3.437404657750449246e+02 0.000000000000000000e+00 0.000000000000000000e+00 2.256100019984474686e-06 3.255188168725696793e-08
4.180027715229267073e+02 0.000000000000000000e+00 0.000000000000000000e+00 1.627040417520849050e-06 3.255188168725696793e-08
5.083088387830212014e+02 0.000000000000000000e+00 0.000000000000000000e+00 1.218748403536666108e-06 3.255188168725696793e-08
6.181247905213276681e+02 0.000000000000000000e+00 0.000000000000000000e+00 9.086095669914089143e-07 3.255188168725696793e-08
7.516655771160627637e+02 0.000000000000000000e+00 0.000000000000000000e+00 6.715734841094968059e-07 3.255188168725696793e-08
9.140567543726903068e+02 0.000000000000000000e+00 0.000000000000000000e+00 5.043716112178958673e-07 3.255188168725696793e-08
