2.223062424702014184e+01 0.000000000000000000e+00 0.000000000000000000e+00 3.050593740399632649e-08 2.200560192533191737e-09
2.703336811680613749e+01 0.000000000000000000e+00 0.000000000000000000e+00 2.664500702776536310e-08 2.200560192533191737e-09
3.287370537229559631e+01 0.000000000000000000e+00 0.000000000000000000e+00 2.274482034254287181e-08 2.200560192533191737e-09
3.997579954651146039e+01 0.000000000000000000e+00 0.000000000000000000e+00 1.903524610411364074e-08 2.200560192533191737e-09
4.861224286355134439e+01 0.000000000000000000e+00 0.000000000000000000e+00 1.568772048523613615e-08 2.200560192533191737e-09
5.911451885972652320e+01 0.000000000000000000e+00 0.000000000000000000e+00 1.278075636720326201e-08 2.200560192533191737e-09
7.188572536810676183e+01 0.000000000000000000e+00 0.000000000000000000e+00 1.030122496503865851e-08 2.200560192533191737e-09
8.741604619942908982e+01 0.000000000000000000e+00 0.000000000000000000e+00 8.189032451094777837e-09 2.200560192533191737e-09
1.063015653526535687e+02 0.000000000000000000e+00 0.000000000000000000e+00 6.401750490864608939e-09 2.200560192533191737e-09
1.292671458812591823e+02 0.000000000000000000e+00 0.000000000000000000e+00 4.942686409201084100e-09 2.200560192533191737e-09
1.571942515507803080e+02 0.000000000000000000e+00 0.000000000000000000e+00 3.814159603032701241e-09 2.200560192533191737e-09
1.911547791370583127e+02 0.000000000000000000e+00 0.000000000000000000e+00 2.957849026171189908e-09 2.200560192533191737e-09
2.324521999147883946e+02 0.000000000000000000e+00 0.000000000000000000e+00 2.295405945434195031e-09 2.200560192533191737e-09
2.826715894269234468e+02 0.000000000000000000e+00 0.000000000000000000e+00 1.790832222168492515e-09 2.200560192533191737e-09
3.437404657750449246e+02 0.000000000000000000e+00 0.000000000000000000e+00 1.409286512297272430e-09 2.200560192533191737e-09
4.180027715229267073e+02 0.000000000000000000e+00 0.000000000000000000e+00 1.116148116272490913e-09 2.200560192533191737e-09
5.083088387830212014e+02 0.000000000000000000e+00 0.000000000000000000e+00 8.890494660730863548e-10 2.200560192533191737e-09
6.181247905213276681e+02 0.000000000000000000e+00 0.000000000000000000e+00 7.099025680956755176e-10 2.200560192533191737e-09
7.516655771160627637e+02 0.000000000000000000e+00 0.000000000000000000e+00 5.664100157767139883e-10 2.200560192533191737e-09
9.140567543726903068e+02 0.000000000000000000e+00 0.000000000000000000e+00 4.496779525591269435e-10 2.200560192533191737e-09
