2.223062424702014184e+01 0.000000000000000000e+00 0.000000000000000000e+00 6.161453488810657170e-06 3.255768862311969425e-08
2.703336811680613749e+01 0.000000000000000000e+00 0.000000000000000000e+00 6.708412598111588302e-06 3.255768862311969425e-08
3.287370537229559631e+01 0.000000000000000000e+00 0.000000000000000000e+00 7.134986829331470097e-06 3.255768862311969425e-08
3.997579954651146039e+01 0.000000000000000000e+00 0.000000000000000000e+00 7.371595002268257182e-06 3.255768862311969425e-08
4.861224286355134439e+01 0.000000000000000000e+00 0.000000000000000000e+00 7.345621758920116610e-06 3.255768862311969425e-08
5.911451885972652320e+01 0.000000000000000000e+00 0.000000000000000000e+00 7.002183615716148591e-06 3.255768862311969425e-08
7.188572536810676183e+01 0.000000000000000000e+00 0.000000000000000000e+00 6.340018591564175255e-06 3.255768862311969425e-08
8.741604619942908982e+01 0.000000000000000000e+00 0.000000000000000000e+00 5.452765006578317699e-06 3.255768862311969425e-08
1.063015653526535687e+02 0.000000000000000000e+00 0.000000000000000000e+00 4.533536774507319028e-06 3.255768862311969425e-08
1.292671458812591823e+02 0.000000000000000000e+00 0.000000000000000000e+00 3.793721770591536233e-06 3.255768862311969425e-08
1.571942515507803080e+02 0.000000000000000000e+00 0.000000000000000000e+00 3.288688201309579354e-06 3.255768862311969425e-08
1.911547791370583127e+02 0.000000000000000000e+00 0.000000000000000000e+00 2.796457658636171470e-06 3.255768862311969425e-08
2.324521999147883946e+02 0.000000000000000000e+00 0.000000000000000000e+00 2.108098078420509295e-06 3.255768862311969425e-08
2.826715894269234468e+02 0.000000000000000000e+00 0.000000000000000000e+00 1.535359448074329273e-06 3.255768862311969425e-08
3.437404657750449246e+02 0.000000000000000000e+00 0.000000000000000000e+00 1.247881978272321096e-06 3.255768862311969425e-08
4.180027715229267073e+02 0.000000000000000000e+00 0.000000000000000000e+00 8.914430136430701843e-07 3.255768862311969425e-08
5.083088387830212014e+02 0.000000000000000000e+00 0.000000000000000000e+00 6.756709077380081297e-07 3.255768862311969425e-08
6.181247905213276681e+02 0.000000000000000000e+00 0.000000000000000000e+00 4.860506626827233329e-07 3.255768862311969425e-08
7.516655771160627637e+02 0.000000000000000000e+00 0.000000000000000000e+00 3.610134345178586766e-07 3.255768862311969425e-08
9.140567543726903068e+02 0.000000000000000000e+00 0.000000000000000000e+00 2.671021099885717062e-07 3.255768862311969425e-08
