2.223062424702014184e+01 0.000000000000000000e+00 0.000000000000000000e+00 4.354889769807627852e-05 3.255241211147492732e-08
2.703336811680613749e+01 0.000000000000000000e+00 0.000000000000000000e+00 4.040015492536839809e-05 3.255241211147492732e-08
3.287370537229559631e+01 0.000000000000000000e+00 0.000000000000000000e+00 3.562861107620386437e-05 3.255241211147492732e-08
3.997579954651146039e+01 0.000000000000000000e+00 0.000000000000000000e+00 3.012176236674695624e-05 3.255241211147492732e-08
4.861224286355134439e+01 0.000000000000000000e+00 0.000000000000000000e+00 2.509748762153615718e-05 3.255241211147492732e-08
5.911451885972652320e+01 0.000000000000000000e+00 0.000000000000000000e+00 2.133034589268998941e-05 3.255241211147492732e-08
7.188572536810676183e+01 0.000000000000000000e+00 0.000000000000000000e+00 1.832268671498673982e-05 3.255241211147492732e-08
8.741604619942908982e+01 0.000000000000000000e+00 0.000000000000000000e+00 1.480112310387462938e-05 3.255241211147492732e-08
1.063015653526535687e+02 0.000000000000000000e+00 0.000000000000000000e+00 1.102411251481676879e-05 3.255241211147492732e-08
1.292671458812591823e+02 0.000000000000000000e+00 0.000000000000000000e+00 8.504019651681512170e-06 3.255241211147492732e-08
1.571942515507803080e+02 0.000000000000000000e+00 0.000000000000000000e+00 6.656457395399996337e-06 3.255241211147492732e-08
1.911547791370583127e+02 0.000000000000000000e+00 0.000000000000000000e+00 4.940510990489633130e-06 3.255241211147492732e-08
2.324521999147883946e+02 0.000000000000000000e+00 0.000000000000000000e+00 3.787027805453031206e-06 3.255241211147492732e-08
2.826715894269234468e+02 0.000000000000000000e+00 0.000000000000000000e+00 2.872448539577567431e-06 3.255241211147492732e-08
3.437404657750449246e+02 0.000000000000000000e+00 0.000000000000000000e+00 2.215718643665084968e-06 3.255241211147492732e-08
4.180027715229267073e+02 0.000000000000000000e+00 0.000000000000000000e+00 1.731051639032860904e-06 3.255241211147492732e-08
5.083088387830212014e+02 0.000000000000000000e+00 0.000000000000000000e+00 1.373258951903544771e-06 3.255241211147492732e-08
6.181247905213276681e+02 0.000000000000000000e+00 0.000000000000000000e+00 1.104931129161025570e-06 3.255241211147492732e-08
7.516655771160627637e+02 0.000000000000000000e+00 0.000000000000000000e+00 8.981660939306539097e-07 3.255241211147492732e-08
9.140567543726903068e+02 0.000000000000000000e+00 0.000000000000000000e+00 7.334483630665084289e-07 3.255241211147492732e-08
