2.223062424702014184e+01 0.000000000000000000e+00 0.000000000000000000e+00 1.748256771038745293e-09 2.238883478603649456e-09
2.703336811680613749e+01 0.000000000000000000e+00 0.000000000000000000e+00 1.373598395941729491e-09 2.238883478603649456e-09
3.287370537229559631e+01 0.000000000000000000e+00 0.000000000000000000e+00 1.068045517985366615e-09 2.238883478603649456e-09
3.997579954651146039e+01 0.000000000000000000e+00 0.000000000000000000e+00 8.223762857661993090e-10 2.238883478603649456e-09
4.861224286355134439e+01 0.000000000000000000e+00 0.000000000000000000e+00 6.291582128132476894e-10 2.238883478603649456e-09
5.911451885972652320e+01 0.000000000000000000e+00 0.000000000000000000e+00 4.814752542619813233e-10 2.238883478603649456e-09
7.188572536810676183e+01 0.000000000000000000e+00 0.000000000000000000e+00 3.705017101099378660e-10 2.238883478603649456e-09
8.741604619942908982e+01 0.000000000000000000e+00 0.000000000000000000e+00 2.870671867472862757e-10 2.238883478603649456e-09
1.063015653526535687e+02 0.000000000000000000e+00 0.000000000000000000e+00 2.240722706699133251e-10 2.238883478603649456e-09
1.292671458812591823e+02 0.000000000000000000e+00 0.000000000000000000e+00 1.763840658101558688e-10 2.238883478603649456e-09
1.571942515507803080e+02 0.000000000000000000e+00 0.000000000000000000e+00 1.398749575307689601e-10 2.238883478603649456e-09
1.911547791370583127e+02 0.000000000000000000e+00 0.000000000000000000e+00 1.114726056144673459e-10 2.238883478603649456e-09
2.324521999147883946e+02 0.000000000000000000e+00 0.000000000000000000e+00 8.897745241181123650e-11 2.238883478603649456e-09
2.826715894269234468e+02 0.000000000000000000e+00 0.000000000000000000e+00 7.091585808685002144e-11 2.238883478603649456e-09
3.437404657750449246e+02 0.000000000000000000e+00 0.000000000000000000e+00 5.618352459460020285e-11 2.238883478603649456e-09
4.180027715229267073e+02 0.000000000000000000e+00 0.000000000000000000e+00 4.413999225660023173e-11 2.238883478603649456e-09
5.083088387830212014e+02 0.000000000000000000e+00 0.000000000000000000e+00 3.428238741024856605e-11 2.238883478603649456e-09
6.181247905213276681e+02 0.000000000000000000e+00 0.000000000000000000e+00 2.625126254386948016e-11 2.238883478603649456e-09
7.516655771160627637e+02 0.000000000000000000e+00 0.000000000000000000e+00 1.978163816404464697e-11 2.238883478603649456e-09
9.140567543726903068e+02 0.000000000000000000e+00 0.000000000000000000e+00 1.465005110081338309e-11 2.238883478603649456e-09
