2.223062424702014184e+01 0.000000000000000000e+00 0.000000000000000000e+00 5.522702245381257224e-06 3.255768862311969425e-08
2.703336811680613749e+01 0.000000000000000000e+00 0.000000000000000000e+00 5.896130956282063060e-06 3.255768862311969425e-08
3.287370537229559631e+01 0.000000000000000000e+00 0.000000000000000000e+00 6.141905408701328606e-06 3.255768862311969425e-08
3.997579954651146039e+01 0.000000000000000000e+00 0.000000000000000000e+00 6.212454780564027482e-06 3.255768862311969425e-08
4.861224286355134439e+01 0.000000000000000000e+00 0.000000000000000000e+00 6.063193527122095301e-06 3.255768862311969425e-08
5.911451885972652320e+01 0.000000000000000000e+00 0.000000000000000000e+00 5.666159966085584949e-06 3.255768862311969425e-08
7.188572536810676183e+01 0.000000000000000000e+00 0.000000000000000000e+00 5.031701113957848308e-06 3.255768862311969425e-08
8.741604619942908982e+01 0.000000000000000000e+00 0.000000000000000000e+00 4.232167191640561042e-06 3.255768862311969425e-08
1.063015653526535687e+02 0.000000000000000000e+00 0.000000000000000000e+00 3.408840781652649789e-06 3.255768862311969425e-08
1.292671458812591823e+02 0.000000000000000000e+00 0.000000000000000000e+00 2.727546203969571225e-06 3.255768862311969425e-08
1.571942515507803080e+02 0.000000000000000000e+00 0.000000000000000000e+00 2.270993580138619005e-06 3.255768862311969425e-08
1.911547791370583127e+02 0.000000000000000000e+00 0.000000000000000000e+00 1.935642316074582016e-06 3.255768862311969425e-08
2.324521999147883946e+02 0.000000000000000000e+00 0.000000000000000000e+00 1.504809762417848576e-06 3.255768862311969425e-08
2.826715894269234468e+02 0.000000000000000000e+00 0.000000000000000000e+00 1.039632100043362310e-06 3.255768862311969425e-08
3.437404657750449246e+02 0.000000000000000000e+00 0.000000000000000000e+00 7.986999878113952314e-07 3.255768862311969425e-08
4.180027715229267073e+02 0.000000000000000000e+00 0.000000000000000000e+00 6.037553788871656498e-07 3.255768862311969425e-08
5.083088387830212014e+02 0.000000000000000000e+00 0.000000000000000000e+00 4.186838779028702816e-07 3.255768862311969425e-08
6.181247905213276681e+02 0.000000000000000000e+00 0.000000000000000000e+00 3.086633148279692168e-07 3.255768862311969425e-08
7.516655771160627637e+02 0.000000000000000000e+00 0.000000000000000000e+00 2.210507787841674595e-07 3.255768862311969425e-08
9.140567543726903068e+02 0.000000000000000000e+00 0.000000000000000000e+00 1.578790264512592069e-07 3.255768862311969425e-08
