2.223062424702014184e+01 0.000000000000000000e+00 0.000000000000000000e+00 2.404605859250646119e-09 2.231463903759961952e-09
2.703336811680613749e+01 0.000000000000000000e+00 0.000000000000000000e+00 1.923146653641075854e-09 2.231463903759961952e-09
3.287370537229559631e+01 0.000000000000000000e+00 0.000000000000000000e+00 1.521797368281152112e-09 2.231463903759961952e-09
3.997579954651146039e+01 0.000000000000000000e+00 0.000000000000000000e+00 1.193759502049275310e-09 2.231463903759961952e-09
4.861224286355134439e+01 0.000000000000000000e+00 0.000000000000000000e+00 9.330336853941474353e-10 2.231463903759961952e-09
5.911451885972652320e+01 0.000000000000000000e+00 0.000000000000000000e+00 7.308132300849425547e-10 2.231463903759961952e-09
7.188572536810676183e+01 0.000000000000000000e+00 0.000000000000000000e+00 5.752384425425410827e-10 2.231463903759961952e-09
8.741604619942908982e+01 0.000000000000000000e+00 0.000000000000000000e+00 4.551783970910005149e-10 2.231463903759961952e-09
1.063015653526535687e+02 0.000000000000000000e+00 0.000000000000000000e+00 3.624268642007602065e-10 2.231463903759961952e-09
1.292671458812591823e+02 0.000000000000000000e+00 0.000000000000000000e+00 2.903758548278907802e-10 2.231463903759961952e-09
1.571942515507803080e+02 0.000000000000000000e+00 0.000000000000000000e+00 2.336135097111660611e-10 2.231463903759961952e-09
1.911547791370583127e+02 0.000000000000000000e+00 0.000000000000000000e+00 1.882031049942830795e-10 2.231463903759961952e-09
2.324521999147883946e+02 0.000000000000000000e+00 0.000000000000000000e+00 1.512992154884148959e-10 2.231463903759961952e-09
2.826715894269234468e+02 0.000000000000000000e+00 0.000000000000000000e+00 1.208927149551811110e-10 2.231463903759961952e-09
3.437404657750449246e+02 0.000000000000000000e+00 0.000000000000000000e+00 9.572517250827787141e-11 2.231463903759961952e-09
4.180027715229267073e+02 0.000000000000000000e+00 0.000000000000000000e+00 7.476620282781808020e-11 2.231463903759961952e-09
5.083088387830212014e+02 0.000000000000000000e+00 0.000000000000000000e+00 5.758639634974824041e-11 2.231463903759961952e-09
6.181247905213276681e+02 0.000000000000000000e+00 0.000000000000000000e+00 4.352721907674190854e-11 2.231463903759961952e-09
7.516655771160627637e+02 0.000000000000000000e+00 0.000000000000000000e+00 3.228181310221864090e-11 2.231463903759961952e-09
9.140567543726903068e+02 0.000000000000000000e+00 0.000000000000000000e+00 2.347984063895279877e-11 2.231463903759961952e-09
