2.223062424702014184e+01 0.000000000000000000e+00 0.000000000000000000e+00 5.440113525735183572e-06 3.255768862311969425e-08
2.703336811680613749e+01 0.000000000000000000e+00 0.000000000000000000e+00 5.789410729002478692e-06 3.255768862311969425e-08
3.287370537229559631e+01 0.000000000000000000e+00 0.000000000000000000e+00 6.009332364133460507e-06 3.255768862311969425e-08
3.997579954651146039e+01 0.000000000000000000e+00 0.000000000000000000e+00 6.053438220734179865e-06 3.255768862311969425e-08
4.861224286355134439e+01 0.000000000000000000e+00 0.000000000000000000e+00 5.879186329539353559e-06 3.255768862311969425e-08
5.911451885972652320e+01 0.000000000000000000e+00 0.000000000000000000e+00 5.462342261883208114e-06 3.255768862311969425e-08
7.188572536810676183e+01 0.000000000000000000e+00 0.000000000000000000e+00 4.818914377776012297e-06 3.255768862311969425e-08
8.741604619942908982e+01 0.000000000000000000e+00 0.000000000000000000e+00 4.027768041252965763e-06 3.255768862311969425e-08
1.063015653526535687e+02 0.000000000000000000e+00 0.000000000000000000e+00 3.233009253776280080e-06 3.255768862311969425e-08
1.292671458812591823e+02 0.000000000000000000e+00 0.000000000000000000e+00 2.593191446537746595e-06 3.255768862311969425e-08
1.571942515507803080e+02 0.000000000000000000e+00 0.000000000000000000e+00 2.171869911499230764e-06 3.255768862311969425e-08
1.911547791370583127e+02 0.000000000000000000e+00 0.000000000000000000e+00 1.844163581519229064e-06 3.255768862311969425e-08
2.324521999147883946e+02 0.000000000000000000e+00 0.000000000000000000e+00 1.407086715566520229e-06 3.255768862311969425e-08
2.826715894269234468e+02 0.000000000000000000e+00 0.000000000000000000e+00 9.694679397419839739e-07 3.255768862311969425e-08
3.437404657750449246e+02 0.000000000000000000e+00 0.000000000000000000e+00 7.579318035829772423e-07 3.255768862311969425e-08
4.180027715229267073e+02 0.000000000000000000e+00 0.000000000000000000e+00 5.577701097981079762e-07 3.255768862311969425e-08
5.083088387830212014e+02 0.000000000000000000e+00 0.000000000000000000e+00 3.925661829565735720e-07 3.255768862311969425e-08
6.181247905213276681e+02 0.000000000000000000e+00 0.000000000000000000e+00 2.837886934625445216e-07 3.255768862311969425e-08
7.516655771160627637e+02 0.000000000000000000e+00 0.000000000000000000e+00 2.039287068110629964e-07 3.255768862311969425e-08
9.140567543726903068e+02 0.000000000000000000e+00 0.000000000000000000e+00 1.447732669560598858e-07 3.255768862311969425e-08
