2.223062424702014184e+01 0.000000000000000000e+00 0.000000000000000000e+00 7.137560299192885386e-08 2.200198682970402917e-09
2.703336811680613749e+01 0.000000000000000000e+00 0.000000000000000000e+00 6.647085081055298383e-08 2.200198682970402917e-09
3.287370537229559631e+01 0.000000000000000000e+00 0.000000000000000000e+00 6.044087053402532519e-08 2.200198682970402917e-09
3.997579954651146039e+01 0.000000000000000000e+00 0.000000000000000000e+00 5.362403055551732770e-08 2.200198682970402917e-09
4.861224286355134439e+01 0.000000000000000000e+00 0.000000000000000000e+00 4.644599483925811375e-08 2.200198682970402917e-09
5.911451885972652320e+01 0.000000000000000000e+00 0.000000000000000000e+00 3.935787703091622408e-08 2.200198682970402917e-09
7.188572536810676183e+01 0.000000000000000000e+00 0.000000000000000000e+00 3.275217064113438741e-08 2.200198682970402917e-09
8.741604619942908982e+01 0.000000000000000000e+00 0.000000000000000000e+00 2.687964447492284909e-08 2.200198682970402917e-09
1.063015653526535687e+02 0.000000000000000000e+00 0.000000000000000000e+00 2.181055065920366719e-08 2.200198682970402917e-09
1.292671458812591823e+02 0.000000000000000000e+00 0.000000000000000000e+00 1.747360699131834437e-08 2.200198682970402917e-09
1.571942515507803080e+02 0.000000000000000000e+00 0.000000000000000000e+00 1.376652100137134929e-08 2.200198682970402917e-09
1.911547791370583127e+02 0.000000000000000000e+00 0.000000000000000000e+00 1.065876034519952041e-08 2.200198682970402917e-09
2.324521999147883946e+02 0.000000000000000000e+00 0.000000000000000000e+00 8.179152216278180443e-09 2.200198682970402917e-09
2.826715894269234468e+02 0.000000000000000000e+00 0.000000000000000000e+00 6.288585904690035936e-09 2.200198682970402917e-09
3.437404657750449246e+02 0.000000000000000000e+00 0.000000000000000000e+00 4.840671679457189226e-09 2.200198682970402917e-09
4.180027715229267073e+02 0.000000000000000000e+00 0.000000000000000000e+00 3.723913022675108333e-09 2.200198682970402917e-09
5.083088387830212014e+02 0.000000000000000000e+00 0.000000000000000000e+00 2.885488627460122933e-09 2.200198682970402917e-09
6.181247905213276681e+02 0.000000000000000000e+00 0.000000000000000000e+00 2.248835480318670078e-09 2.200198682970402917e-09
7.516655771160627637e+02 0.000000000000000000e+00 0.000000000000000000e+00 1.763964237028757773e-09 2.200198682970402917e-09
9.140567543726903068e+02 0.000000000000000000e+00 0.000000000000000000e+00 1.389624270551845482e-09 2.200198682970402917e-09
