2.223062424702014184e+01 0.000000000000000000e+00 0.000000000000000000e+00 1.010262630133085241e-06 3.275507661820245920e-08
2.703336811680613749e+01 0.000000000000000000e+00 0.000000000000000000e+00 1.124823456398465024e-06 3.275507661820245920e-08
3.287370537229559631e+01 0.000000000000000000e+00 0.000000000000000000e+00 1.230761990806910595e-06 3.275507661820245920e-08
3.997579954651146039e+01 0.000000000000000000e+00 0.000000000000000000e+00 1.319508363050194940e-06 3.275507661820245920e-08
4.861224286355134439e+01 0.000000000000000000e+00 0.000000000000000000e+00 1.380890455504722140e-06 3.275507661820245920e-08
5.911451885972652320e+01 0.000000000000000000e+00 0.000000000000000000e+00 1.404024779127034845e-06 3.275507661820245920e-08
7.188572536810676183e+01 0.000000000000000000e+00 0.000000000000000000e+00 1.378442791182112626e-06 3.275507661820245920e-08
8.741604619942908982e+01 0.000000000000000000e+00 0.000000000000000000e+00 1.296938224230691734e-06 3.275507661820245920e-08
1.063015653526535687e+02 0.000000000000000000e+00 0.000000000000000000e+00 1.160438480646401731e-06 3.275507661820245920e-08
1.292671458812591823e+02 0.000000000000000000e+00 0.000000000000000000e+00 9.835110873152545153e-07 3.275507661820245920e-08
1.571942515507803080e+02 0.000000000000000000e+00 0.000000000000000000e+00 7.967334313886484350e-07 3.275507661820245920e-08
1.911547791370583127e+02 0.000000000000000000e+00 0.000000000000000000e+00 6.381499454061730430e-07 3.275507661820245920e-08
2.324521999147883946e+02 0.000000000000000000e+00 0.000000000000000000e+00 5.296540231571832323e-07 3.275507661820245920e-08
2.826715894269234468e+02 0.000000000000000000e+00 0.000000000000000000e+00 4.522117453567156714e-07 3.275507661820245920e-08
3.437404657750449246e+02 0.000000000000000000e+00 0.000000000000000000e+00 3.561778695049042195e-07 3.275507661820245920e-08
4.180027715229267073e+02 0.000000000000000000e+00 0.000000000000000000e+00 2.473766636719562670e-07 3.275507661820245920e-08
5.083088387830212014e+02 0.000000000000000000e+00 0.000000000000000000e+00 1.865380845483042389e-07 3.275507661820245920e-08
6.181247905213276681e+02 0.000000000000000000e+00 0.000000000000000000e+00 1.420562992390634665e-07 3.275507661820245920e-08
7.516655771160627637e+02 0.000000000000000000e+00 0.000000000000000000e+00 9.722001000072519544e-08 3.275507661820245920e-08
9.140567543726903068e+02 0.000000000000000000e+00 0.000000000000000000e+00 7.085299493196998070e-08 3.275507661820245920e-08
