2.223062424702014184e+01 0.000000000000000000e+00 0.000000000000000000e+00 8.058485556173188298e-06 3.255888593234118926e-08
2.703336811680613749e+01 0.000000000000000000e+00 0.000000000000000000e+00 8.404403751644792930e-06 3.255888593234118926e-08
3.287370537229559631e+01 0.000000000000000000e+00 0.000000000000000000e+00 8.513942557140137394e-06 3.255888593234118926e-08
3.997579954651146039e+01 0.000000000000000000e+00 0.000000000000000000e+00 8.325686954429414017e-06 3.255888593234118926e-08
4.861224286355134439e+01 0.000000000000000000e+00 0.000000000000000000e+00 7.799523111606179246e-06 3.255888593234118926e-08
5.911451885972652320e+01 0.000000000000000000e+00 0.000000000000000000e+00 6.946252751080758781e-06 3.255888593234118926e-08
7.188572536810676183e+01 0.000000000000000000e+00 0.000000000000000000e+00 5.859768010294570949e-06 3.255888593234118926e-08
8.741604619942908982e+01 0.000000000000000000e+00 0.000000000000000000e+00 4.729818061171219443e-06 3.255888593234118926e-08
1.063015653526535687e+02 0.000000000000000000e+00 0.000000000000000000e+00 3.782314165488897054e-06 3.255888593234118926e-08
1.292671458812591823e+02 0.000000000000000000e+00 0.000000000000000000e+00 3.138993182387559052e-06 3.255888593234118926e-08
1.571942515507803080e+02 0.000000000000000000e+00 0.000000000000000000e+00 2.675716742416540331e-06 3.255888593234118926e-08
1.911547791370583127e+02 0.000000000000000000e+00 0.000000000000000000e+00 2.097229266151197582e-06 3.255888593234118926e-08
2.324521999147883946e+02 0.000000000000000000e+00 0.000000000000000000e+00 1.455170363764523276e-06 3.255888593234118926e-08
2.826715894269234468e+02 0.000000000000000000e+00 0.000000000000000000e+00 1.106160448501926509e-06 3.255888593234118926e-08
3.437404657750449246e+02 0.000000000000000000e+00 0.000000000000000000e+00 8.447543244349738176e-07 3.255888593234118926e-08
4.180027715229267073e+02 0.000000000000000000e+00 0.000000000000000000e+00 5.835993696674072746e-07 3.255888593234118926e-08
5.083088387830212014e+02 0.000000000000000000e+00 0.000000000000000000e+00 4.327360054717063050e-07 3.255888593234118926e-08
6.181247905213276681e+02 0.000000000000000000e+00 0.000000000000000000e+00 3.087184116879664933e-07 3.255888593234118926e-08
7.516655771160627637e+02 0.000000000000000000e+00 0.000000000000000000e+00 2.211424077035778888e-07 3.255888593234118926e-08
9.140567543726903068e+02 0.000000000000000000e+00 0.000000000000000000e+00 1.602353526231896528e-07 3.255888593234118926e-08
