2.223062424702014184e+01 0.000000000000000000e+00 0.000000000000000000e+00 1.115316418769872256e-06 3.275507661820245920e-08
2.703336811680613749e+01 0.000000000000000000e+00 0.000000000000000000e+00 1.259216156314702069e-06 3.275507661820245920e-08
3.287370537229559631e+01 0.000000000000000000e+00 0.000000000000000000e+00 1.399860406461908963e-06 3.275507661820245920e-08
3.997579954651146039e+01 0.000000000000000000e+00 0.000000000000000000e+00 1.527337238641178904e-06 3.275507661820245920e-08
4.861224286355134439e+01 0.000000000000000000e+00 0.000000000000000000e+00 1.628704269103542466e-06 3.275507661820245920e-08
5.911451885972652320e+01 0.000000000000000000e+00 0.000000000000000000e+00 1.688219891406362826e-06 3.275507661820245920e-08
7.188572536810676183e+01 0.000000000000000000e+00 0.000000000000000000e+00 1.689178666415100957e-06 3.275507661820245920e-08
8.741604619942908982e+01 0.000000000000000000e+00 0.000000000000000000e+00 1.618322749055019734e-06 3.275507661820245920e-08
1.063015653526535687e+02 0.000000000000000000e+00 0.000000000000000000e+00 1.473744434665815334e-06 3.275507661820245920e-08
1.292671458812591823e+02 0.000000000000000000e+00 0.000000000000000000e+00 1.274439386062597818e-06 3.275507661820245920e-08
1.571942515507803080e+02 0.000000000000000000e+00 0.000000000000000000e+00 1.062711361546472655e-06 3.275507661820245920e-08
1.911547791370583127e+02 0.000000000000000000e+00 0.000000000000000000e+00 8.877892346143674076e-07 3.275507661820245920e-08
2.324521999147883946e+02 0.000000000000000000e+00 0.000000000000000000e+00 7.672959435823244002e-07 3.275507661820245920e-08
2.826715894269234468e+02 0.000000000000000000e+00 0.000000000000000000e+00 6.558166683437062124e-07 3.275507661820245920e-08
3.437404657750449246e+02 0.000000000000000000e+00 0.000000000000000000e+00 5.001308322634907935e-07 3.275507661820245920e-08
4.180027715229267073e+02 0.000000000000000000e+00 0.000000000000000000e+00 3.613427337262887639e-07 3.275507661820245920e-08
5.083088387830212014e+02 0.000000000000000000e+00 0.000000000000000000e+00 2.902492457894933201e-07 3.275507661820245920e-08
6.181247905213276681e+02 0.000000000000000000e+00 0.000000000000000000e+00 2.085216253741870042e-07 3.275507661820245920e-08
7.516655771160627637e+02 0.000000000000000000e+00 0.000000000000000000e+00 1.540312239915392823e-07 3.275507661820245920e-08
9.140567543726903068e+02 0.000000000000000000e+00 0.000000000000000000e+00 1.093964710494333030e-07 3.275507661820245920e-08
