2.223062424702014184e+01 0.000000000000000000e+00 0.000000000000000000e+00 9.729020540131386578e-06 3.255934313231564608e-08
2.703336811680613749e+01 0.000000000000000000e+00 0.000000000000000000e+00 1.004960448963625724e-05 3.255934313231564608e-08
3.287370537229559631e+01 0.000000000000000000e+00 0.000000000000000000e+00 1.006083705168134412e-05 3.255934313231564608e-08
3.997579954651146039e+01 0.000000000000000000e+00 0.000000000000000000e+00 9.695011373349634020e-06 3.255934313231564608e-08
4.861224286355134439e+01 0.000000000000000000e+00 0.000000000000000000e+00 8.921492531946532379e-06 3.255934313231564608e-08
5.911451885972652320e+01 0.000000000000000000e+00 0.000000000000000000e+00 7.784565268439893622e-06 3.255934313231564608e-08
7.188572536810676183e+01 0.000000000000000000e+00 0.000000000000000000e+00 6.440126251404134676e-06 3.255934313231564608e-08
8.741604619942908982e+01 0.000000000000000000e+00 0.000000000000000000e+00 5.141549429044883719e-06 3.255934313231564608e-08
1.063015653526535687e+02 0.000000000000000000e+00 0.000000000000000000e+00 4.137525709378489649e-06 3.255934313231564608e-08
1.292671458812591823e+02 0.000000000000000000e+00 0.000000000000000000e+00 3.485120081802664718e-06 3.255934313231564608e-08
1.571942515507803080e+02 0.000000000000000000e+00 0.000000000000000000e+00 2.929916032007687909e-06 3.255934313231564608e-08
1.911547791370583127e+02 0.000000000000000000e+00 0.000000000000000000e+00 2.189744627498355827e-06 3.255934313231564608e-08
2.324521999147883946e+02 0.000000000000000000e+00 0.000000000000000000e+00 1.528333901068943285e-06 3.255934313231564608e-08
2.826715894269234468e+02 0.000000000000000000e+00 0.000000000000000000e+00 1.208021561060007717e-06 3.255934313231564608e-08
3.437404657750449246e+02 0.000000000000000000e+00 0.000000000000000000e+00 8.735254158821659202e-07 3.255934313231564608e-08
4.180027715229267073e+02 0.000000000000000000e+00 0.000000000000000000e+00 6.333259359612600967e-07 3.255934313231564608e-08
5.083088387830212014e+02 0.000000000000000000e+00 0.000000000000000000e+00 4.586322325351617901e-07 3.255934313231564608e-08
6.181247905213276681e+02 0.000000000000000000e+00 0.000000000000000000e+00 3.359645117802104162e-07 3.255934313231564608e-08
7.516655771160627637e+02 0.000000000000000000e+00 0.000000000000000000e+00 2.453132097099762515e-07 3.255934313231564608e-08
9.140567543726903068e+02 0.000000000000000000e+00 0.000000000000000000e+00 1.816136107442305592e-07 3.255934313231564608e-08
