2.223062424702014184e+01 0.000000000000000000e+00 0.000000000000000000e+00 1.166753965219256992e-08 2.200910444393931196e-09
2.703336811680613749e+01 0.000000000000000000e+00 0.000000000000000000e+00 9.611310736181585360e-09 2.200910444393931196e-09
3.287370537229559631e+01 0.000000000000000000e+00 0.000000000000000000e+00 7.782166785601204247e-09 2.200910444393931196e-09
3.997579954651146039e+01 0.000000000000000000e+00 0.000000000000000000e+00 6.225758762035974045e-09 2.200910444393931196e-09
4.861224286355134439e+01 0.000000000000000000e+00 0.000000000000000000e+00 4.935981737538532642e-09 2.200910444393931196e-09
5.911451885972652320e+01 0.000000000000000000e+00 0.000000000000000000e+00 3.873614502395015451e-09 2.200910444393931196e-09
7.188572536810676183e+01 0.000000000000000000e+00 0.000000000000000000e+00 2.995863813111787959e-09 2.200910444393931196e-09
8.741604619942908982e+01 0.000000000000000000e+00 0.000000000000000000e+00 2.281499840831073470e-09 2.200910444393931196e-09
1.063015653526535687e+02 0.000000000000000000e+00 0.000000000000000000e+00 1.724984856290954508e-09 2.200910444393931196e-09
1.292671458812591823e+02 0.000000000000000000e+00 0.000000000000000000e+00 1.309709340293345103e-09 2.200910444393931196e-09
1.571942515507803080e+02 0.000000000000000000e+00 0.000000000000000000e+00 9.998662420153717776e-10 2.200910444393931196e-09
1.911547791370583127e+02 0.000000000000000000e+00 0.000000000000000000e+00 7.661129109296311619e-10 2.200910444393931196e-09
2.324521999147883946e+02 0.000000000000000000e+00 0.000000000000000000e+00 5.923183522045680290e-10 2.200910444393931196e-09
2.826715894269234468e+02 0.000000000000000000e+00 0.000000000000000000e+00 4.623238787641301037e-10 2.200910444393931196e-09
3.437404657750449246e+02 0.000000000000000000e+00 0.000000000000000000e+00 3.638896826063361913e-10 2.200910444393931196e-09
4.180027715229267073e+02 0.000000000000000000e+00 0.000000000000000000e+00 2.882258903056676788e-10 2.200910444393931196e-09
5.083088387830212014e+02 0.000000000000000000e+00 0.000000000000000000e+00 2.290513144596425489e-10 2.200910444393931196e-09
6.181247905213276681e+02 0.000000000000000000e+00 0.000000000000000000e+00 1.818954719115396866e-10 2.200910444393931196e-09
7.516655771160627637e+02 0.000000000000000000e+00 0.000000000000000000e+00 1.438427169954069527e-10 2.200910444393931196e-09
9.140567543726903068e+02 0.000000000000000000e+00 0.000000000000000000e+00 1.128810461376785762e-10 2.200910444393931196e-09
