2.223062424702014184e+01 0.000000000000000000e+00 0.000000000000000000e+00 3.181960407948257080e-09 0.000000000000000000e+00
2.703336811680613749e+01 0.000000000000000000e+00 0.000000000000000000e+00 3.465439050435380400e-09 0.000000000000000000e+00
3.287370537229559631e+01 0.000000000000000000e+00 0.000000000000000000e+00 3.687161400304784566e-09 0.000000000000000000e+00
3.997579954651146039e+01 0.000000000000000000e+00 0.000000000000000000e+00 3.811245377653299502e-09 0.000000000000000000e+00
4.861224286355134439e+01 0.000000000000000000e+00 0.000000000000000000e+00 3.800185271404721536e-09 0.000000000000000000e+00
5.911451885972652320e+01 0.000000000000000000e+00 0.000000000000000000e+00 3.625471281538152903e-09 0.000000000000000000e+00
7.188572536810676183e+01 0.000000000000000000e+00 0.000000000000000000e+00 3.285979776619106984e-09 0.000000000000000000e+00
8.741604619942908982e+01 0.000000000000000000e+00 0.000000000000000000e+00 2.829202308760049089e-09 0.000000000000000000e+00
1.063015653526535687e+02 0.000000000000000000e+00 0.000000000000000000e+00 2.354026805707654795e-09 0.000000000000000000e+00
1.292671458812591823e+02 0.000000000000000000e+00 0.000000000000000000e+00 1.969429140219744031e-09 0.000000000000000000e+00
1.571942515507803080e+02 0.000000000000000000e+00 0.000000000000000000e+00 1.705461104325642746e-09 0.000000000000000000e+00
1.911547791370583127e+02 0.000000000000000000e+00 0.000000000000000000e+00 1.450789150150912743e-09 0.000000000000000000e+00
2.324521999147883946e+02 0.000000000000000000e+00 0.000000000000000000e+00 1.097700397569356826e-09 0.000000000000000000e+00
2.826715894269234468e+02 0.000000000000000000e+00 0.000000000000000000e+00 7.995739881287098845e-10 0.000000000000000000e+00
3.437404657750449246e+02 0.000000000000000000e+00 0.000000000000000000e+00 6.472356065801058372e-10 0.000000000000000000e+00
4.180027715229267073e+02 0.000000000000000000e+00 0.000000000000000000e+00 4.652644204267522458e-10 0.000000000000000000e+00
5.083088387830212014e+02 0.000000000000000000e+00 0.000000000000000000e+00 3.506141518771817840e-10 0.000000000000000000e+00
6.181247905213276681e+02 0.000000000000000000e+00 0.000000000000000000e+00 2.533109806710502710e-10 0.000000000000000000e+00
7.516655771160627637e+02 0.000000000000000000e+00 0.000000000000000000e+00 1.879453673446443390e-10 0.000000000000000000e+00
9.140567543726903068e+02 0.000000000000000000e+00 0.000000000000000000e+00 1.388760138735182965e-10 0.000000000000000000e+00
