2.223062424702014184e+01 0.000000000000000000e+00 0.000000000000000000e+00 1.535813456258470534e-05 3.255903661931770703e-08
2.703336811680613749e+01 0.000000000000000000e+00 0.000000000000000000e+00 1.584205911562308711e-05 3.255903661931770703e-08
3.287370537229559631e+01 0.000000000000000000e+00 0.000000000000000000e+00 1.575707746544086982e-05 3.255903661931770703e-08
3.997579954651146039e+01 0.000000000000000000e+00 0.000000000000000000e+00 1.499409487054172962e-05 3.255903661931770703e-08
4.861224286355134439e+01 0.000000000000000000e+00 0.000000000000000000e+00 1.356490885707597099e-05 3.255903661931770703e-08
5.911451885972652320e+01 0.000000000000000000e+00 0.000000000000000000e+00 1.168370987764730235e-05 3.255903661931770703e-08
7.188572536810676183e+01 0.000000000000000000e+00 0.000000000000000000e+00 9.762826852946633369e-06 3.255903661931770703e-08
8.741604619942908982e+01 0.000000000000000000e+00 0.000000000000000000e+00 8.220537795872140161e-06 3.255903661931770703e-08
1.063015653526535687e+02 0.000000000000000000e+00 0.000000000000000000e+00 7.121191920413009896e-06 3.255903661931770703e-08
1.292671458812591823e+02 0.000000000000000000e+00 0.000000000000000000e+00 5.998269501520319667e-06 3.255903661931770703e-08
1.571942515507803080e+02 0.000000000000000000e+00 0.000000000000000000e+00 4.539680369943434791e-06 3.255903661931770703e-08
1.911547791370583127e+02 0.000000000000000000e+00 0.000000000000000000e+00 3.380105936436819952e-06 3.255903661931770703e-08
2.324521999147883946e+02 0.000000000000000000e+00 0.000000000000000000e+00 2.718464719284153213e-06 3.255903661931770703e-08
2.826715894269234468e+02 0.000000000000000000e+00 0.000000000000000000e+00 1.989088165028415725e-06 3.255903661931770703e-08
3.437404657750449246e+02 0.000000000000000000e+00 0.000000000000000000e+00 1.516079819558298195e-06 3.255903661931770703e-08
4.180027715229267073e+02 0.000000000000000000e+00 0.000000000000000000e+00 1.126497041593315764e-06 3.255903661931770703e-08
5.083088387830212014e+02 0.000000000000000000e+00 0.000000000000000000e+00 8.547567094984630460e-07 3.255903661931770703e-08
6.181247905213276681e+02 0.000000000000000000e+00 0.000000000000000000e+00 6.522659714278619640e-07 3.255903661931770703e-08
7.516655771160627637e+02 0.000000000000000000e+00 0.000000000000000000e+00 5.048695056953673023e-07 3.255903661931770703e-08
9.140567543726903068e+02 0.000000000000000000e+00 0.000000000000000000e+00 3.969380750882135693e-07 3.255903661931770703e-08
