2.223062424702014184e+01 0.000000000000000000e+00 0.000000000000000000e+00 1.111169272681988547e-06 3.283001225483663250e-08
2.703336811680613749e+01 0.000000000000000000e+00 0.000000000000000000e+00 1.255503823337680786e-06 3.283001225483663250e-08
3.287370537229559631e+01 0.000000000000000000e+00 0.000000000000000000e+00 1.397044891223970363e-06 3.283001225483663250e-08
3.997579954651146039e+01 0.000000000000000000e+00 0.000000000000000000e+00 1.526003658582567464e-06 3.283001225483663250e-08
4.861224286355134439e+01 0.000000000000000000e+00 0.000000000000000000e+00 1.629562052026408814e-06 3.283001225483663250e-08
5.911451885972652320e+01 0.000000000000000000e+00 0.000000000000000000e+00 1.692042275620608543e-06 3.283001225483663250e-08
7.188572536810676183e+01 0.000000000000000000e+00 0.000000000000000000e+00 1.696641039574565624e-06 3.283001225483663250e-08
8.741604619942908982e+01 0.000000000000000000e+00 0.000000000000000000e+00 1.629674001351085484e-06 3.283001225483663250e-08
1.063015653526535687e+02 0.000000000000000000e+00 0.000000000000000000e+00 1.488330341947275544e-06 3.283001225483663250e-08
1.292671458812591823e+02 0.000000000000000000e+00 0.000000000000000000e+00 1.290302311953043752e-06 3.283001225483663250e-08
1.571942515507803080e+02 0.000000000000000000e+00 0.000000000000000000e+00 1.077021950826420425e-06 3.283001225483663250e-08
1.911547791370583127e+02 0.000000000000000000e+00 0.000000000000000000e+00 8.985167846212843290e-07 3.283001225483663250e-08
2.324521999147883946e+02 0.000000000000000000e+00 0.000000000000000000e+00 7.753897502157156838e-07 3.283001225483663250e-08
2.826715894269234468e+02 0.000000000000000000e+00 0.000000000000000000e+00 6.652224937784504507e-07 3.283001225483663250e-08
3.437404657750449246e+02 0.000000000000000000e+00 0.000000000000000000e+00 5.108139083494579423e-07 3.283001225483663250e-08
4.180027715229267073e+02 0.000000000000000000e+00 0.000000000000000000e+00 3.675657060675829486e-07 3.283001225483663250e-08
5.083088387830212014e+02 0.000000000000000000e+00 0.000000000000000000e+00 2.948350149594768660e-07 3.283001225483663250e-08
6.181247905213276681e+02 0.000000000000000000e+00 0.000000000000000000e+00 2.133190300890126631e-07 3.283001225483663250e-08
7.516655771160627637e+02 0.000000000000000000e+00 0.000000000000000000e+00 1.566964712834975900e-07 3.283001225483663250e-08
9.140567543726903068e+02 0.000000000000000000e+00 0.000000000000000000e+00 1.115522870213379254e-07 3.283001225483663250e-08
