2.223062424702014184e+01 0.000000000000000000e+00 0.000000000000000000e+00 3.014953280765948596e-08 2.201011595744537622e-09
2.703336811680613749e+01 0.000000000000000000e+00 0.000000000000000000e+00 2.634427367746594616e-08 2.201011595744537622e-09
3.287370537229559631e+01 0.000000000000000000e+00 0.000000000000000000e+00 2.250404636000750395e-08 2.201011595744537622e-09
3.997579954651146039e+01 0.000000000000000000e+00 0.000000000000000000e+00 1.885179266422538556e-08 2.201011595744537622e-09
4.861224286355134439e+01 0.000000000000000000e+00 0.000000000000000000e+00 1.555232227939134534e-08 2.201011595744537622e-09
5.911451885972652320e+01 0.000000000000000000e+00 0.000000000000000000e+00 1.268048161200919976e-08 2.201011595744537622e-09
7.188572536810676183e+01 0.000000000000000000e+00 0.000000000000000000e+00 1.022407214656435671e-08 2.201011595744537622e-09
8.741604619942908982e+01 0.000000000000000000e+00 0.000000000000000000e+00 8.128245930550123284e-09 2.201011595744537622e-09
1.063015653526535687e+02 0.000000000000000000e+00 0.000000000000000000e+00 6.356804642954607464e-09 2.201011595744537622e-09
1.292671458812591823e+02 0.000000000000000000e+00 0.000000000000000000e+00 4.913974358846175818e-09 2.201011595744537622e-09
1.571942515507803080e+02 0.000000000000000000e+00 0.000000000000000000e+00 3.797081301209402042e-09 2.201011595744537622e-09
1.911547791370583127e+02 0.000000000000000000e+00 0.000000000000000000e+00 2.946216660671493017e-09 2.201011595744537622e-09
2.324521999147883946e+02 0.000000000000000000e+00 0.000000000000000000e+00 2.288352515034273399e-09 2.201011595744537622e-09
2.826715894269234468e+02 0.000000000000000000e+00 0.000000000000000000e+00 1.787313050611658336e-09 2.201011595744537622e-09
3.437404657750449246e+02 0.000000000000000000e+00 0.000000000000000000e+00 1.407372597429080752e-09 2.201011595744537622e-09
4.180027715229267073e+02 0.000000000000000000e+00 0.000000000000000000e+00 1.115450054568299656e-09 2.201011595744537622e-09
5.083088387830212014e+02 0.000000000000000000e+00 0.000000000000000000e+00 8.887060570475910273e-10 2.201011595744537622e-09
6.181247905213276681e+02 0.000000000000000000e+00 0.000000000000000000e+00 7.100030785557009795e-10 2.201011595744537622e-09
7.516655771160627637e+02 0.000000000000000000e+00 0.000000000000000000e+00 5.663716531405630301e-10 2.201011595744537622e-09
9.140567543726903068e+02 0.000000000000000000e+00 0.000000000000000000e+00 4.496751421400148382e-10 2.201011595744537622e-09
