2.223062424702014184e+01 0.000000000000000000e+00 0.000000000000000000e+00 2.923209531902229528e-05 3.255543861894823311e-08
2.703336811680613749e+01 0.000000000000000000e+00 0.000000000000000000e+00 2.651979422955522576e-05 3.255543861894823311e-08
3.287370537229559631e+01 0.000000000000000000e+00 0.000000000000000000e+00 2.287618116658580471e-05 3.255543861894823311e-08
3.997579954651146039e+01 0.000000000000000000e+00 0.000000000000000000e+00 1.885499771146179364e-05 3.255543861894823311e-08
4.861224286355134439e+01 0.000000000000000000e+00 0.000000000000000000e+00 1.518414117365696827e-05 3.255543861894823311e-08
5.911451885972652320e+01 0.000000000000000000e+00 0.000000000000000000e+00 1.238536289203020826e-05 3.255543861894823311e-08
7.188572536810676183e+01 0.000000000000000000e+00 0.000000000000000000e+00 1.035272259255382466e-05 3.255543861894823311e-08
8.741604619942908982e+01 0.000000000000000000e+00 0.000000000000000000e+00 8.414658751830885177e-06 3.255543861894823311e-08
1.063015653526535687e+02 0.000000000000000000e+00 0.000000000000000000e+00 6.283660308814224065e-06 3.255543861894823311e-08
1.292671458812591823e+02 0.000000000000000000e+00 0.000000000000000000e+00 4.585190103004033513e-06 3.255543861894823311e-08
1.571942515507803080e+02 0.000000000000000000e+00 0.000000000000000000e+00 3.519977189735432457e-06 3.255543861894823311e-08
1.911547791370583127e+02 0.000000000000000000e+00 0.000000000000000000e+00 2.601017977921936971e-06 3.255543861894823311e-08
2.324521999147883946e+02 0.000000000000000000e+00 0.000000000000000000e+00 1.914479049976225978e-06 3.255543861894823311e-08
2.826715894269234468e+02 0.000000000000000000e+00 0.000000000000000000e+00 1.425930761080077507e-06 3.255543861894823311e-08
3.437404657750449246e+02 0.000000000000000000e+00 0.000000000000000000e+00 1.067525964085131154e-06 3.255543861894823311e-08
4.180027715229267073e+02 0.000000000000000000e+00 0.000000000000000000e+00 8.099804114488631533e-07 3.255543861894823311e-08
5.083088387830212014e+02 0.000000000000000000e+00 0.000000000000000000e+00 6.242306949939610307e-07 3.255543861894823311e-08
6.181247905213276681e+02 0.000000000000000000e+00 0.000000000000000000e+00 4.885007084087218661e-07 3.255543861894823311e-08
7.516655771160627637e+02 0.000000000000000000e+00 0.000000000000000000e+00 3.873384414864511098e-07 3.255543861894823311e-08
9.140567543726903068e+02 0.000000000000000000e+00 0.000000000000000000e+00 3.099097875226657253e-07 3.255543861894823311e-08
