2.223062424702014184e+01 0.000000000000000000e+00 0.000000000000000000e+00 1.408697656206594223e-06 3.258986458321322561e-08
2.703336811680613749e+01 0.000000000000000000e+00 0.000000000000000000e+00 1.589250239958628043e-06 3.258986458321322561e-08
3.287370537229559631e+01 0.000000000000000000e+00 0.000000000000000000e+00 1.765113772022482616e-06 3.258986458321322561e-08
3.997579954651146039e+01 0.000000000000000000e+00 0.000000000000000000e+00 1.923657372667228874e-06 3.258986458321322561e-08
4.861224286355134439e+01 0.000000000000000000e+00 0.000000000000000000e+00 2.048430398832476786e-06 3.258986458321322561e-08
5.911451885972652320e+01 0.000000000000000000e+00 0.000000000000000000e+00 2.119514187572144603e-06 3.258986458321322561e-08
7.188572536810676183e+01 0.000000000000000000e+00 0.000000000000000000e+00 2.115951360946293669e-06 3.258986458321322561e-08
8.741604619942908982e+01 0.000000000000000000e+00 0.000000000000000000e+00 2.021517029415995120e-06 3.258986458321322561e-08
1.063015653526535687e+02 0.000000000000000000e+00 0.000000000000000000e+00 1.834902234782407354e-06 3.258986458321322561e-08
1.292671458812591823e+02 0.000000000000000000e+00 0.000000000000000000e+00 1.581785559926621713e-06 3.258986458321322561e-08
1.571942515507803080e+02 0.000000000000000000e+00 0.000000000000000000e+00 1.316823808808286065e-06 3.258986458321322561e-08
1.911547791370583127e+02 0.000000000000000000e+00 0.000000000000000000e+00 1.101483681428401894e-06 3.258986458321322561e-08
2.324521999147883946e+02 0.000000000000000000e+00 0.000000000000000000e+00 9.543698581916141554e-07 3.258986458321322561e-08
2.826715894269234468e+02 0.000000000000000000e+00 0.000000000000000000e+00 8.131245905187524562e-07 3.258986458321322561e-08
3.437404657750449246e+02 0.000000000000000000e+00 0.000000000000000000e+00 6.140213272131578905e-07 3.258986458321322561e-08
4.180027715229267073e+02 0.000000000000000000e+00 0.000000000000000000e+00 4.450163589686910397e-07 3.258986458321322561e-08
5.083088387830212014e+02 0.000000000000000000e+00 0.000000000000000000e+00 3.596634593133434607e-07 3.258986458321322561e-08
6.181247905213276681e+02 0.000000000000000000e+00 0.000000000000000000e+00 2.547904403031514789e-07 3.258986458321322561e-08
7.516655771160627637e+02 0.000000000000000000e+00 0.000000000000000000e+00 1.905365235082244776e-07 3.258986458321322561e-08
9.140567543726903068e+02 0.000000000000000000e+00 0.000000000000000000e+00 1.343698810706034750e-07 3.258986458321322561e-08
