2.223062424702014184e+01 0.000000000000000000e+00 0.000000000000000000e+00 6.347308358435816567e-09 2.200893241618499839e-09
2.703336811680613749e+01 0.000000000000000000e+00 0.000000000000000000e+00 5.108280858364915566e-09 2.200893241618499839e-09
3.287370537229559631e+01 0.000000000000000000e+00 0.000000000000000000e+00 4.066526362297981708e-09 2.200893241618499839e-09
3.997579954651146039e+01 0.000000000000000000e+00 0.000000000000000000e+00 3.206864727906024132e-09 2.200893241618499839e-09
4.861224286355134439e+01 0.000000000000000000e+00 0.000000000000000000e+00 2.499315080239448534e-09 2.200893241618499839e-09
5.911451885972652320e+01 0.000000000000000000e+00 0.000000000000000000e+00 1.922503795528340915e-09 2.200893241618499839e-09
7.188572536810676183e+01 0.000000000000000000e+00 0.000000000000000000e+00 1.461290577988181488e-09 2.200893241618499839e-09
8.741604619942908982e+01 0.000000000000000000e+00 0.000000000000000000e+00 1.107678925065778967e-09 2.200893241618499839e-09
1.063015653526535687e+02 0.000000000000000000e+00 0.000000000000000000e+00 8.438258436236620058e-10 2.200893241618499839e-09
1.292671458812591823e+02 0.000000000000000000e+00 0.000000000000000000e+00 6.464234057987162905e-10 2.200893241618499839e-09
1.571942515507803080e+02 0.000000000000000000e+00 0.000000000000000000e+00 4.982702766985087454e-10 2.200893241618499839e-09
1.911547791370583127e+02 0.000000000000000000e+00 0.000000000000000000e+00 3.877166971781999648e-10 2.200893241618499839e-09
2.324521999147883946e+02 0.000000000000000000e+00 0.000000000000000000e+00 3.044699895598626669e-10 2.200893241618499839e-09
2.826715894269234468e+02 0.000000000000000000e+00 0.000000000000000000e+00 2.408524923957026981e-10 2.200893241618499839e-09
3.437404657750449246e+02 0.000000000000000000e+00 0.000000000000000000e+00 1.914599613270428905e-10 2.200893241618499839e-09
4.180027715229267073e+02 0.000000000000000000e+00 0.000000000000000000e+00 1.523955785786853509e-10 2.200893241618499839e-09
5.083088387830212014e+02 0.000000000000000000e+00 0.000000000000000000e+00 1.210291759348356003e-10 2.200893241618499839e-09
6.181247905213276681e+02 0.000000000000000000e+00 0.000000000000000000e+00 9.548291901956074168e-11 2.200893241618499839e-09
7.516655771160627637e+02 0.000000000000000000e+00 0.000000000000000000e+00 7.464359091525548719e-11 2.200893241618499839e-09
9.140567543726903068e+02 0.000000000000000000e+00 0.000000000000000000e+00 5.767322520090655145e-11 2.200893241618499839e-09
