2.223062424702014184e+01 0.000000000000000000e+00 0.000000000000000000e+00 7.286082573162173559e-06 3.255888593234118926e-08
2.703336811680613749e+01 0.000000000000000000e+00 0.000000000000000000e+00 7.660292187930722223e-06 3.255888593234118926e-08
3.287370537229559631e+01 0.000000000000000000e+00 0.000000000000000000e+00 7.835474025170565218e-06 3.255888593234118926e-08
3.997579954651146039e+01 0.000000000000000000e+00 0.000000000000000000e+00 7.753450391752683327e-06 3.255888593234118926e-08
4.861224286355134439e+01 0.000000000000000000e+00 0.000000000000000000e+00 7.368736368391246278e-06 3.255888593234118926e-08
5.911451885972652320e+01 0.000000000000000000e+00 0.000000000000000000e+00 6.673319267317261939e-06 3.255888593234118926e-08
7.188572536810676183e+01 0.000000000000000000e+00 0.000000000000000000e+00 5.726413130009820409e-06 3.255888593234118926e-08
8.741604619942908982e+01 0.000000000000000000e+00 0.000000000000000000e+00 4.675539425752406379e-06 3.255888593234118926e-08
1.063015653526535687e+02 0.000000000000000000e+00 0.000000000000000000e+00 3.731592733082997992e-06 3.255888593234118926e-08
1.292671458812591823e+02 0.000000000000000000e+00 0.000000000000000000e+00 3.049370776012873475e-06 3.255888593234118926e-08
1.571942515507803080e+02 0.000000000000000000e+00 0.000000000000000000e+00 2.598120672350329204e-06 3.255888593234118926e-08
1.911547791370583127e+02 0.000000000000000000e+00 0.000000000000000000e+00 2.120616917189671356e-06 3.255888593234118926e-08
2.324521999147883946e+02 0.000000000000000000e+00 0.000000000000000000e+00 1.512393376245251001e-06 3.255888593234118926e-08
2.826715894269234468e+02 0.000000000000000000e+00 0.000000000000000000e+00 1.094060422191645267e-06 3.255888593234118926e-08
3.437404657750449246e+02 0.000000000000000000e+00 0.000000000000000000e+00 8.701959671746997297e-07 3.255888593234118926e-08
4.180027715229267073e+02 0.000000000000000000e+00 0.000000000000000000e+00 5.987702182811315629e-07 3.255888593234118926e-08
5.083088387830212014e+02 0.000000000000000000e+00 0.000000000000000000e+00 4.498503713450049804e-07 3.255888593234118926e-08
6.181247905213276681e+02 0.000000000000000000e+00 0.000000000000000000e+00 3.176940302895307792e-07 3.255888593234118926e-08
7.516655771160627637e+02 0.000000000000000000e+00 0.000000000000000000e+00 2.309274157828272249e-07 3.255888593234118926e-08
9.140567543726903068e+02 0.000000000000000000e+00 0.000000000000000000e+00 1.683083167692721022e-07 3.255888593234118926e-08
