2.223062424702014184e+01 0.000000000000000000e+00 0.000000000000000000e+00 1.488707067013771640e-06 0.000000000000000000e+00
2.703336811680613749e+01 0.000000000000000000e+00 0.000000000000000000e+00 1.252047517958091392e-06 0.000000000000000000e+00
3.287370537229559631e+01 0.000000000000000000e+00 0.000000000000000000e+00 1.038452141713439356e-06 0.000000000000000000e+00
3.997579954651146039e+01 0.000000000000000000e+00 0.000000000000000000e+00 8.553569718770794044e-07 0.000000000000000000e+00
4.861224286355134439e+01 0.000000000000000000e+00 0.000000000000000000e+00 6.977312201689384649e-07 0.000000000000000000e+00
5.911451885972652320e+01 0.000000000000000000e+00 0.000000000000000000e+00 5.565126810549633684e-07 0.000000000000000000e+00
7.188572536810676183e+01 0.000000000000000000e+00 0.000000000000000000e+00 4.318126942529209463e-07 0.000000000000000000e+00
8.741604619942908982e+01 0.000000000000000000e+00 0.000000000000000000e+00 3.323482408277964084e-07 0.000000000000000000e+00
1.063015653526535687e+02 0.000000000000000000e+00 0.000000000000000000e+00 2.580394066506697087e-07 0.000000000000000000e+00
1.292671458812591823e+02 0.000000000000000000e+00 0.000000000000000000e+00 1.996551925266951766e-07 0.000000000000000000e+00
1.571942515507803080e+02 0.000000000000000000e+00 0.000000000000000000e+00 1.546597027787365095e-07 0.000000000000000000e+00
1.911547791370583127e+02 0.000000000000000000e+00 0.000000000000000000e+00 1.210778065982549287e-07 0.000000000000000000e+00
2.324521999147883946e+02 0.000000000000000000e+00 0.000000000000000000e+00 9.558237042490377530e-08 0.000000000000000000e+00
2.826715894269234468e+02 0.000000000000000000e+00 0.000000000000000000e+00 7.623295439887963064e-08 0.000000000000000000e+00
3.437404657750449246e+02 0.000000000000000000e+00 0.000000000000000000e+00 6.130197425569699918e-08 0.000000000000000000e+00
4.180027715229267073e+02 0.000000000000000000e+00 0.000000000000000000e+00 4.953730437290000793e-08 0.000000000000000000e+00
5.083088387830212014e+02 0.000000000000000000e+00 0.000000000000000000e+00 4.006639778933543233e-08 0.000000000000000000e+00
6.181247905213276681e+02 0.000000000000000000e+00 0.000000000000000000e+00 3.227471354561592290e-08 0.000000000000000000e+00
7.516655771160627637e+02 0.000000000000000000e+00 0.000000000000000000e+00 2.577439639513671104e-08 0.000000000000000000e+00
9.140567543726903068e+02 0.000000000000000000e+00 0.000000000000000000e+00 2.032423859981282938e-08 0.000000000000000000e+00
