2.223062424702014184e+01 0.000000000000000000e+00 0.000000000000000000e+00 1.811630799235695087e-08 2.203738738183884282e-09
2.703336811680613749e+01 0.000000000000000000e+00 0.000000000000000000e+00 1.534473178519584597e-08 2.203738738183884282e-09
3.287370537229559631e+01 0.000000000000000000e+00 0.000000000000000000e+00 1.276940306340090858e-08 2.203738738183884282e-09
3.997579954651146039e+01 0.000000000000000000e+00 0.000000000000000000e+00 1.048340813849435497e-08 2.203738738183884282e-09
4.861224286355134439e+01 0.000000000000000000e+00 0.000000000000000000e+00 8.509655111655165751e-09 2.203738738183884282e-09
5.911451885972652320e+01 0.000000000000000000e+00 0.000000000000000000e+00 6.831445667499989251e-09 2.203738738183884282e-09
7.188572536810676183e+01 0.000000000000000000e+00 0.000000000000000000e+00 5.401871855723394852e-09 2.203738738183884282e-09
8.741604619942908982e+01 0.000000000000000000e+00 0.000000000000000000e+00 4.209835785690145894e-09 2.203738738183884282e-09
1.063015653526535687e+02 0.000000000000000000e+00 0.000000000000000000e+00 3.259468707832131210e-09 2.203738738183884282e-09
1.292671458812591823e+02 0.000000000000000000e+00 0.000000000000000000e+00 2.531363038550846290e-09 2.203738738183884282e-09
1.571942515507803080e+02 0.000000000000000000e+00 0.000000000000000000e+00 1.972860809908508695e-09 2.203738738183884282e-09
1.911547791370583127e+02 0.000000000000000000e+00 0.000000000000000000e+00 1.541858690037248816e-09 2.203738738183884282e-09
2.324521999147883946e+02 0.000000000000000000e+00 0.000000000000000000e+00 1.214432002174999797e-09 2.203738738183884282e-09
2.826715894269234468e+02 0.000000000000000000e+00 0.000000000000000000e+00 9.636223184017553518e-10 2.203738738183884282e-09
3.437404657750449246e+02 0.000000000000000000e+00 0.000000000000000000e+00 7.694603962248991323e-10 2.203738738183884282e-09
4.180027715229267073e+02 0.000000000000000000e+00 0.000000000000000000e+00 6.167205618135899040e-10 2.203738738183884282e-09
5.083088387830212014e+02 0.000000000000000000e+00 0.000000000000000000e+00 4.947321721567641102e-10 2.203738738183884282e-09
6.181247905213276681e+02 0.000000000000000000e+00 0.000000000000000000e+00 3.954983733992670945e-10 2.203738738183884282e-09
7.516655771160627637e+02 0.000000000000000000e+00 0.000000000000000000e+00 3.138504590372583286e-10 2.203738738183884282e-09
9.140567543726903068e+02 0.000000000000000000e+00 0.000000000000000000e+00 2.463659115680455767e-10 2.203738738183884282e-09
