2.223062424702014184e+01 0.000000000000000000e+00 0.000000000000000000e+00 4.881525157386854206e-08 2.200415818940835063e-09
2.703336811680613749e+01 0.000000000000000000e+00 0.000000000000000000e+00 4.407325068026366828e-08 2.200415818940835063e-09
3.287370537229559631e+01 0.000000000000000000e+00 0.000000000000000000e+00 3.883281134755138620e-08 2.200415818940835063e-09
3.997579954651146039e+01 0.000000000000000000e+00 0.000000000000000000e+00 3.342140174351021237e-08 2.200415818940835063e-09
4.861224286355134439e+01 0.000000000000000000e+00 0.000000000000000000e+00 2.816961407563226619e-08 2.200415818940835063e-09
5.911451885972652320e+01 0.000000000000000000e+00 0.000000000000000000e+00 2.334686336486599319e-08 2.200415818940835063e-09
7.188572536810676183e+01 0.000000000000000000e+00 0.000000000000000000e+00 1.910554600334510188e-08 2.200415818940835063e-09
8.741604619942908982e+01 0.000000000000000000e+00 0.000000000000000000e+00 1.546411342869934745e-08 2.200415818940835063e-09
1.063015653526535687e+02 0.000000000000000000e+00 0.000000000000000000e+00 1.235318927698634044e-08 2.200415818940835063e-09
1.292671458812591823e+02 0.000000000000000000e+00 0.000000000000000000e+00 9.703725823329364269e-09 2.200415818940835063e-09
1.571942515507803080e+02 0.000000000000000000e+00 0.000000000000000000e+00 7.508032365812258546e-09 2.200415818940835063e-09
1.911547791370583127e+02 0.000000000000000000e+00 0.000000000000000000e+00 5.782461279529750531e-09 2.200415818940835063e-09
2.324521999147883946e+02 0.000000000000000000e+00 0.000000000000000000e+00 4.471482275065965433e-09 2.200415818940835063e-09
2.826715894269234468e+02 0.000000000000000000e+00 0.000000000000000000e+00 3.460513728350517430e-09 2.200415818940835063e-09
3.437404657750449246e+02 0.000000000000000000e+00 0.000000000000000000e+00 2.684368738150713744e-09 2.200415818940835063e-09
4.180027715229267073e+02 0.000000000000000000e+00 0.000000000000000000e+00 2.100076897006473786e-09 2.200415818940835063e-09
5.083088387830212014e+02 0.000000000000000000e+00 0.000000000000000000e+00 1.652726443268934444e-09 2.200415818940835063e-09
6.181247905213276681e+02 0.000000000000000000e+00 0.000000000000000000e+00 1.308696808069609737e-09 2.200415818940835063e-09
7.516655771160627637e+02 0.000000000000000000e+00 0.000000000000000000e+00 1.039900971223993500e-09 2.200415818940835063e-09
9.140567543726903068e+02 0.000000000000000000e+00 0.000000000000000000e+00 8.264003491304252105e-10 2.200415818940835063e-09
