2.223062424702014184e+01 0.000000000000000000e+00 0.000000000000000000e+00 2.692503889961961423e-06 3.255283355445135942e-08
2.703336811680613749e+01 0.000000000000000000e+00 0.000000000000000000e+00 2.954246205896312714e-06 3.255283355445135942e-08
3.287370537229559631e+01 0.000000000000000000e+00 0.000000000000000000e+00 3.178392796922108494e-06 3.255283355445135942e-08
3.997579954651146039e+01 0.000000000000000000e+00 0.000000000000000000e+00 3.341045472801884036e-06 3.255283355445135942e-08
4.861224286355134439e+01 0.000000000000000000e+00 0.000000000000000000e+00 3.416058450655198242e-06 3.255283355445135942e-08
5.911451885972652320e+01 0.000000000000000000e+00 0.000000000000000000e+00 3.377637653321887520e-06 3.255283355445135942e-08
7.188572536810676183e+01 0.000000000000000000e+00 0.000000000000000000e+00 3.206094643137189948e-06 3.255283355445135942e-08
8.741604619942908982e+01 0.000000000000000000e+00 0.000000000000000000e+00 2.898920800562064340e-06 3.255283355445135942e-08
1.063015653526535687e+02 0.000000000000000000e+00 0.000000000000000000e+00 2.483951673855076993e-06 3.255283355445135942e-08
1.292671458812591823e+02 0.000000000000000000e+00 0.000000000000000000e+00 2.028139931217062585e-06 3.255283355445135942e-08
1.571942515507803080e+02 0.000000000000000000e+00 0.000000000000000000e+00 1.624445153674174551e-06 3.255283355445135942e-08
1.911547791370583127e+02 0.000000000000000000e+00 0.000000000000000000e+00 1.337864533392232075e-06 3.255283355445135942e-08
2.324521999147883946e+02 0.000000000000000000e+00 0.000000000000000000e+00 1.144032202328265185e-06 3.255283355445135942e-08
2.826715894269234468e+02 0.000000000000000000e+00 0.000000000000000000e+00 9.232384707364085477e-07 3.255283355445135942e-08
3.437404657750449246e+02 0.000000000000000000e+00 0.000000000000000000e+00 6.483628362962134379e-07 3.255283355445135942e-08
4.180027715229267073e+02 0.000000000000000000e+00 0.000000000000000000e+00 4.766141570819565481e-07 3.255283355445135942e-08
5.083088387830212014e+02 0.000000000000000000e+00 0.000000000000000000e+00 3.761368233976829695e-07 3.255283355445135942e-08
6.181247905213276681e+02 0.000000000000000000e+00 0.000000000000000000e+00 2.535076525429867163e-07 3.255283355445135942e-08
7.516655771160627637e+02 0.000000000000000000e+00 0.000000000000000000e+00 1.903037315196017586e-07 3.255283355445135942e-08
9.140567543726903068e+02 0.000000000000000000e+00 0.000000000000000000e+00 1.320189254983864620e-07 3.255283355445135942e-08
